istat,comune,lng,lat,join_OBJECTID_1,join_objectid,join_tipo_costa,join_descrizion,join_litologia,join_nome,join_id_interve,join_anno_costr,join_annodismis,join_dim_opera,join_dim_opera_,join_spaz_opera,join_dist_riva,join_flag_modif,join_modifica_o,join_lung_modif,join_area_modif,join_variaz_med,join_variaz_max,join_id_sistema,join_incongruen,join_incertezza,join_acc_geomet,join_annotazion,join_cod_istat,join_nome_uf,join_dataacqort,join_oraacqorto,join_data_igm,join_resp_digit,join_shape_leng,join_globalid,join_SHAPE__Length,join_Shape_Length,distance
"71001",Accadia,15.33092322,41.15811611,"33820","33796","3",Collegamento sponde del fiume, , ,false,,"0",0,false,false,false,No,Nessuna informazione,0,0,0,"0",false,Nessuna,Nessuna,Non verificato, ,"16071064",Manfredonia,1999/05/25 00:00:00, ,"1957",G. Montrone,31.8619869,{4A11934E-0636-4B45-8312-4D525DD01C9A},,31.9907172641819,60881.3043872537
"71002",Alberona,15.1242782,41.43047911,"13915","13826","1",Bassa,Sabbiosa, ,false,,"0",0,false,false,false,Si,Stabilità,0,0,0,"0",false,Nessuna,Nessuna,Non verificato, ,"16071021",Lesina e Varano,1999/05/25 00:00:00, ,"1957",V. Proto,111.63766654,{D56C6636-9AD7-49EF-876F-233C14FAB759},,111.999564686897,53822.0971446637
"71003",Anzano di Puglia,15.29034082,41.1195674,"22496","22434","2",Opere di difesa costiera-Radente a gettata, , ,false,,"0",162.14218538,false,false,false,Si,Stabilità,0,0,0,"0",false,Nessuna,Nessuna,Non verificato, ,"15065116",Agropoli,1998/05/09 00:00:00, ,"1956",G. Spagone,161.66426821,{4E0B0641-A97B-4916-BB91-A6A58F2F0035},,162.142022786551,64981.013843156
"71004",Apricena,15.44323605,41.78540257,"14440","16221","1",Bassa,Sabbiosa, ,false,,"0",0,false,false,false,Si,Stabilità,0,0,0,"0",false,Nessuna,Nessuna,Non verificato,Digitalizzazione incerta,"16071027",Lesina e Varano,1999/05/25 00:00:00, ,"1957",G. Montrone,3987.1463182,{179C2A31-01B5-4A8A-BD47-F1383364A2CD},,4000.96373061885,11986.327703528
"71005",Ascoli Satriano,15.56026594,41.20814602,"9881","9735","1",Bassa,Sabbiosa, ,false,,"0",0,false,false,false,Si,Erosione,511.37,9639.81,23.85,"36",false,Nessuna,Nessuna,Non verificato, ,"16071064",Manfredonia,1999/05/25 00:00:00, ,"1957",G. Montrone,120.8346538,{0F121C79-1B0B-4214-824F-26047621DF15},,121.326872099323,42638.4315171591
"71006",Biccari,15.19449634,41.39743603,"33742","33790","3",Collegamento sponde del fiume, , ,false,,"0",0,false,false,false,No,Nessuna informazione,0,0,0,"0",false,Nessuna,Nessuna,Non verificato, ,"16071053",Lesina e Varano,1999/05/25 00:00:00, ,"1957",G. Montrone,7.8658998,{0C6E4711-8597-49B6-A1E4-F77C1894E920},,7.89197849822159,57085.596056347
"71007",Bovino,15.34167092,41.24923673,"34834","34777","3",Sponde del fiume, , ,false,,"0",0,false,false,false,No,Nessuna informazione,0,0,0,"0",false,Nessuna,Nessuna,Non verificato, ,"16071064",Manfredonia,1999/05/25 00:00:00, ,"1957",G. Montrone,507.19770913,{6FE190F3-C371-446B-9FC5-2B5D0289F337},,509.248610540308,54572.5373860739
"71008",Cagnano Varano,15.77260093,41.82868404,"13919","13830","1",Bassa,Sabbiosa, ,false,,"0",0,false,false,false,Si,Stabilità,0,0,0,"0",false,Nessuna,Nessuna,Non verificato, ,"16071025",Lesina e Varano,1999/05/25 00:00:00, ,"1957",G. Montrone,3739.87989074,{F81EA055-FC29-4EA7-9F66-3D5C54812B84},,3754.17881238057,8922.95577874231
"71009",Candela,15.51395846,41.13773409,"14040","13975","1",Bassa,Sabbiosa, ,false,,"0",0,false,false,false,Si,Stabilità,0,0,0,"0",false,Nessuna,Nessuna,Non verificato, ,"16071064",Manfredonia,1999/05/25 00:00:00, ,"1957",G. Montrone,77.02356009,{78474BCC-D182-4499-AB92-F36A6F3F12DC},,77.3375363541122,50850.0839664544
"71010",Carapelle,15.69370809,41.36283549,"33820","33796","3",Collegamento sponde del fiume, , ,false,,"0",0,false,false,false,No,Nessuna informazione,0,0,0,"0",false,Nessuna,Nessuna,Non verificato, ,"16071064",Manfredonia,1999/05/25 00:00:00, ,"1957",G. Montrone,31.8619869,{4A11934E-0636-4B45-8312-4D525DD01C9A},,31.9907172641819,22793.7724746896
"71011",Carlantino,14.97663434,41.59228664,"34768","34657","3",Sponde del fiume, , ,false,,"0",0,false,false,false,No,Nessuna informazione,0,0,0,"0",false,Nessuna,Nessuna,Non verificato, ,"14070010",Lesina e Varano,1999/05/25 00:00:00, ,"1957",V. Proto,362.10130583,{0124B5CA-00AE-4999-8B19-F1F59F775809},,363.256029494431,38368.4335261098
"71012",Carpino,15.85563222,41.84463118,"10829","10735","1",Bassa,Sabbiosa, ,false,,"0",0,false,false,false,Si,Erosione,2212.93,33304.2,20.05,"40",false,Nessuna,Nessuna,Mediocre, ,"16071043",Lesina e Varano,1999/05/25 00:00:00, ,"1957",G. Montrone,1260.12621374,{9D4C02F0-3ED9-469B-9FFF-305F173BCFD8},,1265.03934951558,8024.69680786892
"71013",Casalnuovo Monterotaro,15.10240065,41.61838389,"34814","34757","3",Sponde del fiume, , ,false,,"0",0,false,false,false,No,Nessuna informazione,0,0,0,"0",false,Nessuna,Nessuna,Non verificato, ,"16071021",Lesina e Varano,1999/05/25 00:00:00, ,"1957",V. Proto,258.12968904,{E951BF79-C83F-4608-B4BA-A103B43DED53},,258.952856253384,33247.3422575799
"71014",Casalvecchio di Puglia,15.11094792,41.59578579,"10389","10258","1",Bassa,Sabbiosa, ,false,,"0",0,false,false,false,Si,Erosione,1204.42,15159.48,17.59,"44",false,Nessuna,Nessuna,Non verificato, ,"16071021",Lesina e Varano,1999/05/25 00:00:00, ,"1957",V. Proto,728.67020335,{3FD0ECE4-2C66-49D7-AC90-C13A543B5C1C},,731.016848394452,35662.0076903792
"71015",Castelluccio dei Sauri,15.47395057,41.30409745,"34834","34777","3",Sponde del fiume, , ,false,,"0",0,false,false,false,No,Nessuna informazione,0,0,0,"0",false,Nessuna,Nessuna,Non verificato, ,"16071064",Manfredonia,1999/05/25 00:00:00, ,"1957",G. Montrone,507.19770913,{6FE190F3-C371-446B-9FC5-2B5D0289F337},,509.248610540308,41885.9644173726
"71016",Castelluccio Valmaggiore,15.20332643,41.34310971,"33735","33783","3",Collegamento sponde del fiume, , ,false,,"0",0,false,false,false,No,Nessuna informazione,0,0,0,"0",false,Nessuna,Nessuna,Non verificato, ,"16071029",Manfredonia,1999/05/15 00:00:00, ,"1957",G. Montrone,24.81265616,{0AEDF2D5-C913-4AC6-9F01-4D62451B3FD1},,24.9123506217104,61032.2169135852
"71017",Castelnuovo della Daunia,15.11835063,41.58268079,"8588","8449","1",Bassa,Sabbiosa, ,false,,"0",0,false,false,false,Si,Avanzamento,1145.65,16955.01,19.8,"36",false,Nessuna,Nessuna,Non verificato, ,"16071021",Lesina e Varano,1999/05/25 00:00:00, ,"1957",V. Proto,1147.66540346,{21997A7A-11A6-4863-A329-68D63064B1CB},,1151.37713707533,37036.0858953032
"71018",Celenza Valfortore,14.97751316,41.562127,"34768","34657","3",Sponde del fiume, , ,false,,"0",0,false,false,false,No,Nessuna informazione,0,0,0,"0",false,Nessuna,Nessuna,Non verificato, ,"14070010",Lesina e Varano,1999/05/25 00:00:00, ,"1957",V. Proto,362.10130583,{0124B5CA-00AE-4999-8B19-F1F59F775809},,363.256029494431,41521.4160136566
"71019",Celle di San Vito,15.18121617,41.32506709,"33735","33783","3",Collegamento sponde del fiume, , ,false,,"0",0,false,false,false,No,Nessuna informazione,0,0,0,"0",false,Nessuna,Nessuna,Non verificato, ,"16071029",Manfredonia,1999/05/15 00:00:00, ,"1957",G. Montrone,24.81265616,{0AEDF2D5-C913-4AC6-9F01-4D62451B3FD1},,24.9123506217104,63455.2413215039
"71020",Cerignola,15.90368339,41.26522173,"34830","34773","3",Sponde del fiume, , ,false,,"0",0,false,false,false,No,Nessuna informazione,0,0,0,"0",false,Nessuna,Nessuna,Non verificato, ,"16071064",Manfredonia,1998/05/26 00:00:00, ,"1957",G. Montrone,369.74672467,{3E8E8B0D-AFF9-497F-85B0-90C82D89D2D3},,371.276081018428,19077.2306227568
"71021",Chieuti,15.16543404,41.84448459,"8588","8449","1",Bassa,Sabbiosa, ,false,,"0",0,false,false,false,Si,Avanzamento,1145.65,16955.01,19.8,"36",false,Nessuna,Nessuna,Non verificato, ,"16071021",Lesina e Varano,1999/05/25 00:00:00, ,"1957",V. Proto,1147.66540346,{21997A7A-11A6-4863-A329-68D63064B1CB},,1151.37713707533,7620.18823644304
"71022",Deliceto,15.38733133,41.22267573,"33820","33796","3",Collegamento sponde del fiume, , ,false,,"0",0,false,false,false,No,Nessuna informazione,0,0,0,"0",false,Nessuna,Nessuna,Non verificato, ,"16071064",Manfredonia,1999/05/25 00:00:00, ,"1957",G. Montrone,31.8619869,{4A11934E-0636-4B45-8312-4D525DD01C9A},,31.9907172641819,52849.1758060488
"71023",Faeto,15.1612235,41.32324211,"33735","33783","3",Collegamento sponde del fiume, , ,false,,"0",0,false,false,false,No,Nessuna informazione,0,0,0,"0",false,Nessuna,Nessuna,Non verificato, ,"16071029",Manfredonia,1999/05/15 00:00:00, ,"1957",G. Montrone,24.81265616,{0AEDF2D5-C913-4AC6-9F01-4D62451B3FD1},,24.9123506217104,65101.9631875846
"71024",Foggia,15.54305185,41.46226862,"33880","33874","3",Sponde del fiume, , ,false,,"0",0,false,false,false,No,Nessuna informazione,0,0,0,"0",false,Nessuna,Nessuna,Non verificato, ,"16071029",Manfredonia,1999/05/15 00:00:00, ,"1957",G. Montrone,498.92413952,{D6DC9571-6FB5-4EE3-A277-46D64D7383D3},,500.930422286447,29935.6860854286
"71025",Ischitella,15.89973987,41.90430864,"13991","13902","1",Bassa,Sabbiosa, ,false,,"0",0,false,false,false,Si,Stabilità,0,0,0,"0",false,Nessuna,Nessuna,Non verificato, ,"16071043",Lesina e Varano,1999/05/25 00:00:00, ,"1957",G. Montrone,1803.10018873,{283C7BB4-C2FD-438F-90CC-03853EFD06DF},,1810.24603211006,1868.58039079264
"71026",Isole Tremiti,15.50437208,42.12042295,"276","586","1",Alta,Rocciosa, ,false,,"0",0,false,false,false,Si,Nessuna informazione,0,0,0,"0",false,Nessuna,Nessuna,Non verificato, ,"16071026",isola,2000/09/28 00:00:00, ,"1957",G. Montrone,566.00948036,{CD5A2B50-F93B-49AB-9AE6-01D3A4735BE7},,568.014046629464,0
"71027",Lesina,15.35505648,41.86338784,"8836","8730","1",Bassa,Sabbiosa, ,false,,"0",0,false,false,false,Si,Avanzamento,2269.6,91314.7,45.23,"88",false,Nessuna,Nessuna,Non verificato,Digitalizzazione incerta,"16071027",Lesina e Varano,1999/05/25 00:00:00, ,"1957",G. Montrone,2280.233888,{B5238F85-502A-423B-B7A0-962ADEADC78F},,2288.04953313664,3479.61275397613
"71028",Lucera,15.3329611,41.50614765,"14440","16221","1",Bassa,Sabbiosa, ,false,,"0",0,false,false,false,Si,Stabilità,0,0,0,"0",false,Nessuna,Nessuna,Non verificato,Digitalizzazione incerta,"16071027",Lesina e Varano,1999/05/25 00:00:00, ,"1957",G. Montrone,3987.1463182,{179C2A31-01B5-4A8A-BD47-F1383364A2CD},,4000.96373061885,43181.3449812657
"71029",Manfredonia,15.91921162,41.62846824,"5131","5067","1",Bassa,Rocciosa, ,false,,"0",0,false,false,false,Si,Nessuna informazione,0,0,0,"0",false,Nessuna,Nessuna,Non verificato, ,"16071029",Manfredonia,1999/05/25 00:00:00, ,"1957",G. Montrone,1253.77172867,{9B459EA2-DA7B-47A8-B3AC-5C7B5EBE2A98},,1258.80108175002,0
"71031",Mattinata,16.05144319,41.71053395,"11991","13410","1",Bassa,Sabbiosa, ,false,,"0",0,false,false,false,Si,Stabilità,0,0,0,"0",false,Nessuna,Nessuna,Non verificato, ,"16071031",Manfredonia,1999/05/25 00:00:00, ,"1957",G. Montrone,1958.71178792,{65A69F9F-5ABB-4086-A2A2-1C38EE059CA6},,1966.87151977647,612.347163200791
"71032",Monteleone di Puglia,15.26001604,41.16478567,"34834","34777","3",Sponde del fiume, , ,false,,"0",0,false,false,false,No,Nessuna informazione,0,0,0,"0",false,Nessuna,Nessuna,Non verificato, ,"16071064",Manfredonia,1999/05/25 00:00:00, ,"1957",G. Montrone,507.19770913,{6FE190F3-C371-446B-9FC5-2B5D0289F337},,509.248610540308,65341.5579014672
"71033",Monte Sant'Angelo,15.9581316,41.70617736,"13962","13873","1",Bassa,Sabbiosa, ,false,,"0",0,false,false,false,Si,Stabilità,0,0,0,"0",false,Nessuna,Nessuna,Non verificato, ,"16071033",Manfredonia,1999/05/25 00:00:00, ,"1957",G. Montrone,115.35146543,{6BC8530C-8DCF-4A15-BA8C-94D35C248814},,115.823325617898,4528.88766287207
"71034",Motta Montecorvino,15.11338242,41.50734139,"8588","8449","1",Bassa,Sabbiosa, ,false,,"0",0,false,false,false,Si,Avanzamento,1145.65,16955.01,19.8,"36",false,Nessuna,Nessuna,Non verificato, ,"16071021",Lesina e Varano,1999/05/25 00:00:00, ,"1957",V. Proto,1147.66540346,{21997A7A-11A6-4863-A329-68D63064B1CB},,1151.37713707533,45419.0501339323
"71035",Orsara di Puglia,15.26580826,41.28114863,"34835","34778","3",Sponde del fiume, , ,false,,"0",0,false,false,false,No,Nessuna informazione,0,0,0,"0",false,Nessuna,Nessuna,Non verificato, ,"16071064",Manfredonia,1999/05/25 00:00:00, ,"1957",G. Montrone,522.40692829,{82D9AED8-757D-4CDB-BDE7-8DCD11DC1A2E},,524.517833272122,58724.2081654606
"71036",Orta Nova,15.70726369,41.32605603,"34833","34776","3",Sponde del fiume, , ,false,,"0",0,false,false,false,No,Nessuna informazione,0,0,0,"0",false,Nessuna,Nessuna,Non verificato, ,"16071064",Manfredonia,1999/05/25 00:00:00, ,"1957",G. Montrone,545.9313456,{CCBA6CE6-A176-491A-9F40-4468029FDE41},,548.13915594448,24638.62757938
"71037",Panni,15.27707676,41.220257,"34834","34777","3",Sponde del fiume, , ,false,,"0",0,false,false,false,No,Nessuna informazione,0,0,0,"0",false,Nessuna,Nessuna,Non verificato, ,"16071064",Manfredonia,1999/05/25 00:00:00, ,"1957",G. Montrone,507.19770913,{6FE190F3-C371-446B-9FC5-2B5D0289F337},,509.248610540308,60889.2917980772
"71038",Peschici,16.01572138,41.94660438,"2714","2670","1",Alta,Rocciosa, ,false,,"0",0,false,false,false,Si,Nessuna informazione,0,0,0,"0",false,Nessuna,Nessuna,Non verificato,Digitalizzazione dall'ortofoto 2005,"16071038",Peschici,1999/05/25 00:00:00, ,"1957",G. Montrone,942.79127293,{068FCE9E-91B3-4670-8A80-466C14D419D2},,946.650823834777,0
"71039",Pietramontecorvino,15.12977998,41.54313339,"8588","8449","1",Bassa,Sabbiosa, ,false,,"0",0,false,false,false,Si,Avanzamento,1145.65,16955.01,19.8,"36",false,Nessuna,Nessuna,Non verificato, ,"16071021",Lesina e Varano,1999/05/25 00:00:00, ,"1957",V. Proto,1147.66540346,{21997A7A-11A6-4863-A329-68D63064B1CB},,1151.37713707533,41295.9057382834
"71040",Poggio Imperiale,15.36585931,41.82189799,"8836","8730","1",Bassa,Sabbiosa, ,false,,"0",0,false,false,false,Si,Avanzamento,2269.6,91314.7,45.23,"88",false,Nessuna,Nessuna,Non verificato,Digitalizzazione incerta,"16071027",Lesina e Varano,1999/05/25 00:00:00, ,"1957",G. Montrone,2280.233888,{B5238F85-502A-423B-B7A0-962ADEADC78F},,2288.04953313664,7922.42127163634
"71041",Rignano Garganico,15.58784608,41.67717458,"33734","33782","3",Collegamento sponde del fiume, , ,false,,"0",0,false,false,false,No,Nessuna informazione,0,0,0,"0",false,Nessuna,Nessuna,Non verificato, ,"16071027",Lesina e Varano,1999/05/25 00:00:00, ,"1957",G. Montrone,111.78850123,{116622CE-0F94-474E-A87A-AA7295004D50},,112.18782706631,25221.952278291
"71042",Rocchetta Sant'Antonio,15.45988092,41.10279082,"14040","13975","1",Bassa,Sabbiosa, ,false,,"0",0,false,false,false,Si,Stabilità,0,0,0,"0",false,Nessuna,Nessuna,Non verificato, ,"16071064",Manfredonia,1999/05/25 00:00:00, ,"1957",G. Montrone,77.02356009,{78474BCC-D182-4499-AB92-F36A6F3F12DC},,77.3375363541122,56829.3757523921
"71043",Rodi Garganico,15.88122636,41.92813684,"1545","1402","1",Alta,Rocciosa, ,false,,"0",0,false,false,false,Si,Nessuna informazione,0,0,0,"0",false,Nessuna,Nessuna,Non verificato, ,"16071043",Lesina e Varano,1999/05/25 00:00:00, ,"1957",G. Montrone,685.82548167,{80ED86F9-3E78-46EF-8515-6DCC5AE19123},,688.531456689877,0
"71044",Roseto Valfortore,15.09485308,41.37072716,"8588","8449","1",Bassa,Sabbiosa, ,false,,"0",0,false,false,false,Si,Avanzamento,1145.65,16955.01,19.8,"36",false,Nessuna,Nessuna,Non verificato, ,"16071021",Lesina e Varano,1999/05/25 00:00:00, ,"1957",V. Proto,1147.66540346,{21997A7A-11A6-4863-A329-68D63064B1CB},,1151.37713707533,60709.4607234329
"71046",San Giovanni Rotondo,15.72663755,41.70781228,"34817","34760","3",Sponde del fiume, , ,false,,"0",0,false,false,false,No,Nessuna informazione,0,0,0,"0",false,Nessuna,Nessuna,Non verificato, ,"16071029",Manfredonia,1999/05/25 00:00:00, ,"1957",G. Montrone,566.73446976,{75491D6A-7794-4CD9-B162-92917199F090},,569.001977673053,16772.4380956059
"71047",San Marco in Lamis,15.63842925,41.71296267,"34812","34755","3",Sponde del fiume, , ,false,,"0",0,false,false,false,No,Nessuna informazione,0,0,0,"0",false,Nessuna,Nessuna,Non verificato, ,"16071008",Lesina e Varano,1999/05/25 00:00:00, ,"1957",G. Poggi,1499.73427613,{ABB162B7-E5BB-4E0A-9541-DCD87612F14A},,1505.33216321309,21272.5225760608
"71048",San Marco la Catola,15.00631645,41.5256998,"33797","33728","3",Collegamento sponde del fiume, , ,false,,"0",0,false,false,false,No,Nessuna informazione,0,0,0,"0",false,Nessuna,Nessuna,Non verificato, ,"14070010",Lesina e Varano,1999/05/25 00:00:00, ,"1957",V. Proto,71.10425175,{B75384F0-7382-4AD3-8533-3B1EA1DD892F},,71.3309893601865,44765.7871385226
"71049",San Nicandro Garganico,15.56127649,41.83890584,"33734","33782","3",Collegamento sponde del fiume, , ,false,,"0",0,false,false,false,No,Nessuna informazione,0,0,0,"0",false,Nessuna,Nessuna,Non verificato, ,"16071027",Lesina e Varano,1999/05/25 00:00:00, ,"1957",G. Montrone,111.78850123,{116622CE-0F94-474E-A87A-AA7295004D50},,112.18782706631,7486.38788406047
"71050",San Paolo di Civitate,15.25890288,41.74075399,"34825","34768","3",Sponde del fiume, , ,false,,"0",0,false,false,false,No,Nessuna informazione,0,0,0,"0",false,Nessuna,Nessuna,Non verificato, ,"16071053",Lesina e Varano,1999/05/25 00:00:00, ,"1957",G. Montrone,355.08970409,{9B8F5524-0994-45E7-9486-041B45D63CEE},,356.264795091261,18626.8662068589
"71051",San Severo,15.38073828,41.68587342,"14440","16221","1",Bassa,Sabbiosa, ,false,,"0",0,false,false,false,Si,Stabilità,0,0,0,"0",false,Nessuna,Nessuna,Non verificato,Digitalizzazione incerta,"16071027",Lesina e Varano,1999/05/25 00:00:00, ,"1957",G. Montrone,3987.1463182,{179C2A31-01B5-4A8A-BD47-F1383364A2CD},,4000.96373061885,22935.6258073262
"71052",Sant'Agata di Puglia,15.37938715,41.15031932,"33820","33796","3",Collegamento sponde del fiume, , ,false,,"0",0,false,false,false,No,Nessuna informazione,0,0,0,"0",false,Nessuna,Nessuna,Non verificato, ,"16071064",Manfredonia,1999/05/25 00:00:00, ,"1957",G. Montrone,31.8619869,{4A11934E-0636-4B45-8312-4D525DD01C9A},,31.9907172641819,58222.4715350002
"71053",Serracapriola,15.16194691,41.81008146,"8588","8449","1",Bassa,Sabbiosa, ,false,,"0",0,false,false,false,Si,Avanzamento,1145.65,16955.01,19.8,"36",false,Nessuna,Nessuna,Non verificato, ,"16071021",Lesina e Varano,1999/05/25 00:00:00, ,"1957",V. Proto,1147.66540346,{21997A7A-11A6-4863-A329-68D63064B1CB},,1151.37713707533,11457.0729826639
"71054",Stornara,15.76780547,41.28816457,"14034","13969","1",Bassa,Sabbiosa, ,false,,"0",0,false,false,false,Si,Stabilità,0,0,0,"0",false,Nessuna,Nessuna,Non verificato, ,"16071064",Manfredonia,1999/05/25 00:00:00, ,"1957",G. Montrone,101.38304551,{37BC544D-60D8-4490-8EF3-E5E7169F48CB},,101.797728791496,23970.4250679404
"71055",Stornarella,15.73022051,41.25638123,"14034","13969","1",Bassa,Sabbiosa, ,false,,"0",0,false,false,false,Si,Stabilità,0,0,0,"0",false,Nessuna,Nessuna,Non verificato, ,"16071064",Manfredonia,1999/05/25 00:00:00, ,"1957",G. Montrone,101.38304551,{37BC544D-60D8-4490-8EF3-E5E7169F48CB},,101.797728791496,28717.4113767686
"71056",Torremaggiore,15.2869709,41.69048638,"8836","8730","1",Bassa,Sabbiosa, ,false,,"0",0,false,false,false,Si,Avanzamento,2269.6,91314.7,45.23,"88",false,Nessuna,Nessuna,Non verificato,Digitalizzazione incerta,"16071027",Lesina e Varano,1999/05/25 00:00:00, ,"1957",G. Montrone,2280.233888,{B5238F85-502A-423B-B7A0-962ADEADC78F},,2288.04953313664,23552.7545769342
"71058",Troia,15.30810993,41.36167365,"33735","33783","3",Collegamento sponde del fiume, , ,false,,"0",0,false,false,false,No,Nessuna informazione,0,0,0,"0",false,Nessuna,Nessuna,Non verificato, ,"16071029",Manfredonia,1999/05/15 00:00:00, ,"1957",G. Montrone,24.81265616,{0AEDF2D5-C913-4AC6-9F01-4D62451B3FD1},,24.9123506217104,52050.7023520828
"71059",Vico del Gargano,15.95551854,41.89687107,"12925","12803","1",Bassa,Sabbiosa, ,false,,"0",0,false,false,false,Si,Stabilità,0,0,0,"0",false,Nessuna,Nessuna,Non verificato, ,"16071059",Lesina e Varano,1999/05/25 00:00:00, ,"1957",G. Montrone,3492.05432513,{C170E411-1BE4-4957-978B-0A86DC1A0286},,3506.08505058818,3475.55804112445
"71061",Volturara Appula,15.05175994,41.49500946,"34814","34757","3",Sponde del fiume, , ,false,,"0",0,false,false,false,No,Nessuna informazione,0,0,0,"0",false,Nessuna,Nessuna,Non verificato, ,"16071021",Lesina e Varano,1999/05/25 00:00:00, ,"1957",V. Proto,258.12968904,{E951BF79-C83F-4608-B4BA-A103B43DED53},,258.952856253384,47394.5112629535
"71062",Volturino,15.12438071,41.47818089,"8588","8449","1",Bassa,Sabbiosa, ,false,,"0",0,false,false,false,Si,Avanzamento,1145.65,16955.01,19.8,"36",false,Nessuna,Nessuna,Non verificato, ,"16071021",Lesina e Varano,1999/05/25 00:00:00, ,"1957",V. Proto,1147.66540346,{21997A7A-11A6-4863-A329-68D63064B1CB},,1151.37713707533,48536.2211760631
"71063",Ordona,15.62856362,41.31537102,"33820","33796","3",Collegamento sponde del fiume, , ,false,,"0",0,false,false,false,No,Nessuna informazione,0,0,0,"0",false,Nessuna,Nessuna,Non verificato, ,"16071064",Manfredonia,1999/05/25 00:00:00, ,"1957",G. Montrone,31.8619869,{4A11934E-0636-4B45-8312-4D525DD01C9A},,31.9907172641819,30355.7293393114
"71064",Zapponeta,15.95522951,41.45581634,"5896","6170","1",Bassa,Sabbiosa, ,false,,"0",0,false,false,false,Si,Avanzamento,68.54,755.15,16.02,"36",false,Nessuna,Nessuna,Non verificato, ,"16071064",Manfredonia,1999/05/25 00:00:00, ,"1957",G. Montrone,17.85439596,{7FF4FE5F-A937-4B00-A924-D8A616045F89},,17.9273831003202,0
"72001",Acquaviva delle Fonti,16.84189135,40.89657272,"11627","11493","1",Bassa,Sabbiosa, ,false,,"0",0,false,false,false,Si,Stabilità,0,0,0,"0",false,Nessuna,Litologia,Non verificato, ,"16072006",Mola di Bari,1998/04/22 00:00:00, ,"1948",G. Montrone,56.13785792,{F54A4DF1-6CE2-4A71-B2BE-55ADF5CCD252},,56.4282690391551,23370.6954637358
"72002",Adelfia,16.87199903,41.00183306,"11627","11493","1",Bassa,Sabbiosa, ,false,,"0",0,false,false,false,Si,Stabilità,0,0,0,"0",false,Nessuna,Litologia,Non verificato, ,"16072006",Mola di Bari,1998/04/22 00:00:00, ,"1948",G. Montrone,56.13785792,{F54A4DF1-6CE2-4A71-B2BE-55ADF5CCD252},,56.4282690391551,11837.2662555797
"72003",Alberobello,17.23753495,40.78373019,"7168","6943","1",Bassa,Rocciosa, ,false,,"0",0,false,false,false,Si,Nessuna informazione,0,0,0,"0",false,Nessuna,Nessuna,Ottima, ,"16072030",Ostuni,1998/04/21 00:00:00, ,"1948",G. Montrone,885.88613778,{2D21DC1C-2357-4F85-BA8F-F47916A3827D},,890.859083907213,15627.2600368829
"72004",Altamura,16.55231244,40.82794435,"5277","5141","1",Bassa,Rocciosa, ,false,,"0",0,false,false,false,Si,Nessuna informazione,0,0,0,"0",false,Nessuna,Nessuna,Non verificato, ,"16072022",Molfetta,1998/05/09 00:00:00, ,"1949",G. Montrone,665.18549901,{003814DD-FE30-4719-A712-46995270C9A4},,668.447544199276,39795.7341145788
"72006",Bari,16.86737016,41.12559562,"19561","19456","2",Opere Portuali, , ,false,,"0",0,false,false,false,No,Nessuna informazione,0,0,0,"0",false,Nessuna,Nessuna,Non verificato, ,"16072006",Bari,1998/04/22 00:00:00, ,"1949",G. Montrone,19302.5423374,{31126DA0-1B68-4EF0-8958-4562F09CFEC1},,19400.2953244691,0
"72008",Binetto,16.7084594,41.02419809,"34837","34780","3",Sponde del fiume, , ,false,,"0",0,false,false,false,No,Nessuna informazione,0,0,0,"0",false,Nessuna,Nessuna,Non verificato, ,"16072006",Molfetta,1998/04/22 00:00:00, ,"1949",G. Montrone,209.12818143,{64BA0287-1F79-481D-8A7C-5826335D0247},,210.175968566312,14317.109337516
"72010",Bitetto,16.74784981,41.03868353,"33822","33798","3",Collegamento sponde del fiume, , ,false,,"0",0,false,false,false,No,Nessuna informazione,0,0,0,"0",false,Nessuna,Nessuna,Non verificato, ,"16072006",Molfetta,1998/04/22 00:00:00, ,"1949",G. Montrone,33.933633,{20523C08-A779-4920-93A4-21F297044FEA},,34.1035491864081,11306.0010171206
"72011",Bitonto,16.69431895,41.1100182,"14078","14013","1",Bassa,Sabbiosa, ,false,,"0",0,false,false,false,Si,Stabilità,0,0,0,"0",false,Nessuna,Nessuna,Non verificato, ,"16072022",Molfetta,1998/05/09 00:00:00, ,"1949",G. Montrone,95.16335835,{7260A3EA-A9E6-4C38-B611-77E87943B734},,95.6312519133136,6150.4960787597
"72012",Bitritto,16.82580397,41.04106828,"19561","19456","2",Opere Portuali, , ,false,,"0",0,false,false,false,No,Nessuna informazione,0,0,0,"0",false,Nessuna,Nessuna,Non verificato, ,"16072006",Bari,1998/04/22 00:00:00, ,"1949",G. Montrone,19302.5423374,{31126DA0-1B68-4EF0-8958-4562F09CFEC1},,19400.2953244691,9076.68283255099
"72014",Capurso,16.92020895,41.04788754,"11627","11493","1",Bassa,Sabbiosa, ,false,,"0",0,false,false,false,Si,Stabilità,0,0,0,"0",false,Nessuna,Litologia,Non verificato, ,"16072006",Mola di Bari,1998/04/22 00:00:00, ,"1948",G. Montrone,56.13785792,{F54A4DF1-6CE2-4A71-B2BE-55ADF5CCD252},,56.4282690391551,5297.77588026284
"72015",Casamassima,16.91806851,40.9553792,"11627","11493","1",Bassa,Sabbiosa, ,false,,"0",0,false,false,false,Si,Stabilità,0,0,0,"0",false,Nessuna,Litologia,Non verificato, ,"16072006",Mola di Bari,1998/04/22 00:00:00, ,"1948",G. Montrone,56.13785792,{F54A4DF1-6CE2-4A71-B2BE-55ADF5CCD252},,56.4282690391551,15065.7909699591
"72016",Cassano delle Murge,16.77174521,40.88972597,"8650","8521","1",Bassa,Sabbiosa, ,false,,"0",0,false,false,false,Si,Avanzamento,1377.99,94108.97,73.29,"160",false,Nessuna,Nessuna,Non verificato, ,"16072006",Mola di Bari,1998/04/22 00:00:00, ,"1949",G. Montrone,233.092341,{54B45A68-F699-45D7-B3FB-47D439CCE818},,234.28145670897,26464.5614757948
"72017",Castellana Grotte,17.16978544,40.88249993,"14091","14026","1",Bassa,Sabbiosa, ,false,,"0",0,false,false,false,Si,Stabilità,0,0,0,"0",false,Nessuna,Nessuna,Non verificato, ,"16072030",Mola di Bari,1998/04/21 00:00:00, ,"1948",G. Montrone,29.31684401,{C98C7D90-6DE5-4314-BFB9-3CA1E296AF07},,29.4784091888653,11938.954178694
"72018",Cellamare,16.92906646,41.01842322,"11627","11493","1",Bassa,Sabbiosa, ,false,,"0",0,false,false,false,Si,Stabilità,0,0,0,"0",false,Nessuna,Litologia,Non verificato, ,"16072006",Mola di Bari,1998/04/22 00:00:00, ,"1948",G. Montrone,56.13785792,{F54A4DF1-6CE2-4A71-B2BE-55ADF5CCD252},,56.4282690391551,8017.84967226244
"72019",Conversano,17.11524325,40.96608891,"1572","1429","1",Alta,Rocciosa, ,false,,"0",0,false,false,false,Si,Nessuna informazione,0,0,0,"0",false,Nessuna,Nessuna,Non verificato, ,"16072035",Mola di Bari,1998/04/22 00:00:00, ,"1948",G. Montrone,6707.00692612,{CFBBF0E3-D156-4E35-B5E3-FD4E0A31F697},,6743.26305376197,7106.66124494029
"72020",Corato,16.41326508,41.15379819,"14077","14012","1",Bassa,Sabbiosa, ,false,,"0",0,false,false,false,Si,Stabilità,0,0,0,"0",false,Nessuna,Nessuna,Non verificato, ,"16072009",Manfredonia,1998/04/21 00:00:00, ,"1949",G. Montrone,107.32162503,{55998359-1C05-4891-BFAA-0D24FC258C7E},,107.819539716937,11261.3190616934
"72021",Gioia del Colle,16.92406768,40.80069471,"4727","4680","1",Bassa,Rocciosa, ,false,,"0",0,false,false,false,Si,Nessuna informazione,0,0,0,"0",false,Nessuna,Nessuna,Mediocre,Linea di costa incerta a causa degli scogli in superficie,"16072028",Mola di Bari,1998/04/22 00:00:00, ,"1948",G. Montrone,3444.89672318,{76C58E03-8E4C-45C0-A810-7F81F58E0DE1},,3463.34270361064,31093.1408470228
"72022",Giovinazzo,16.67261845,41.18810652,"5280","5144","1",Bassa,Rocciosa, ,false,,"0",0,false,false,false,Si,Nessuna informazione,0,0,0,"0",false,Nessuna,Nessuna,Non verificato, ,"16072022",Molfetta,1998/05/09 00:00:00, ,"1949",G. Montrone,646.87665624,{642E1224-A5C6-4E89-9D59-5F162AEAF26C},,650.027212225045,0
"72023",Gravina in Puglia,16.41620671,40.81940669,"7075","6850","1",Bassa,Rocciosa, ,false,,"0",0,false,false,false,Si,Nessuna informazione,0,0,0,"0",false,Nessuna,Nessuna,Non verificato,Digitalizzazione dall'ortofoto 2005,"16072029",Molfetta,1998/05/09 00:00:00, ,"1949",G. Montrone,1514.87079876,{9E98F045-B24B-4DAE-A18C-7B0FD081BD09},,1522.15640116455,44408.0838567339
"72024",Grumo Appula,16.71064948,41.01221421,"34837","34780","3",Sponde del fiume, , ,false,,"0",0,false,false,false,No,Nessuna informazione,0,0,0,"0",false,Nessuna,Nessuna,Non verificato, ,"16072006",Molfetta,1998/04/22 00:00:00, ,"1949",G. Montrone,209.12818143,{64BA0287-1F79-481D-8A7C-5826335D0247},,210.175968566312,15366.117526689
"72025",Locorotondo,17.32662454,40.75237666,"5377","5253","1",Bassa,Rocciosa, ,false,,"0",0,false,false,false,Si,Nessuna informazione,0,0,0,"0",false,Nessuna,Nessuna,Non verificato, ,"16074007",Ostuni,1998/04/21 00:00:00, ,"1948",G. Montrone,4209.47602965,{445321E8-0E22-400C-B21D-D1E9251284AE},,4233.49745284597,13927.450405697
"72027",Modugno,16.78027023,41.08270034,"33822","33798","3",Collegamento sponde del fiume, , ,false,,"0",0,false,false,false,No,Nessuna informazione,0,0,0,"0",false,Nessuna,Nessuna,Non verificato, ,"16072006",Molfetta,1998/04/22 00:00:00, ,"1949",G. Montrone,33.933633,{20523C08-A779-4920-93A4-21F297044FEA},,34.1035491864081,5728.86594376878
"72028",Mola di Bari,17.08171739,41.06092712,"4728","4681","1",Bassa,Rocciosa, ,false,,"0",0,false,false,false,Si,Nessuna informazione,0,0,0,"0",false,Nessuna,Nessuna,Mediocre,Linea di costa incerta a causa degli scogli in superficie,"16072028",Mola di Bari,1998/04/22 00:00:00, ,"1948",G. Montrone,2142.40884506,{48BD1EE4-D008-4598-96B5-2509E4F9541B},,2153.77040585077,0
"72030",Monopoli,17.30210276,40.95258074,"1287","1114","1",Alta,Rocciosa, ,false,,"0",0,false,false,false,Si,Nessuna informazione,0,0,0,"0",false,Nessuna,Nessuna,Non verificato, ,"16072030",Mola di Bari,1998/04/21 00:00:00, ,"1948",G. Montrone,1465.81486749,{CEAC7E53-CE23-4E06-8527-588414152F91},,1473.94892971099,0
"72031",Noci,17.12247971,40.79482177,"7363","7357","1",Bassa,Sabbiosa, ,false,,"0",0,false,false,false,Si,Erosione,178.95,3415.87,24.09,"44",false,Nessuna,Nessuna,Non verificato, ,"16072030",Ostuni,1998/04/21 00:00:00, ,"1948",G. Montrone,63.8092337,{4D549745-03A4-4AAC-AF31-8F1CF8F5FD65},,64.1672413183157,21851.73774851
"72032",Noicattaro,16.98483633,41.03390073,"5234","5098","1",Bassa,Rocciosa, ,false,,"0",0,false,false,false,Si,Nessuna informazione,0,0,0,"0",false,Nessuna,Nessuna,Non verificato, ,"16072006",Mola di Bari,1998/04/22 00:00:00, ,"1948",G. Montrone,2157.67871923,{AFBFE4FE-49F4-497F-AF4B-EED4BB9187EE},,2168.9669966289,5113.27965978023
"72033",Palo del Colle,16.70401477,41.05664789,"19866","19792","2",Opere Portuali, , ,false,,"0",0,false,false,false,No,Nessuna informazione,0,0,0,"0",false,Nessuna,Nessuna,Ottima, ,"16072006",Molfetta,1998/05/09 00:00:00, ,"1949",G. Montrone,2426.28351284,{7EC70A21-A80D-404D-ADB9-AD3172F5C994},,2438.28511714027,11539.2006787
"72034",Poggiorsini,16.25244813,40.9149399,"4216","4035","1",Bassa,Rocciosa, ,false,,"0",0,false,false,false,Si,Nessuna informazione,0,0,0,"0",false,Nessuna,Nessuna,Non verificato, ,"16072045",Manfredonia,1998/04/21 00:00:00, ,"1949",G. Montrone,739.35756172,{85FE0A2A-CEEC-49D0-BCD6-0DEB303BFE97},,742.77801406039,41034.0960712311
"72035",Polignano a Mare,17.21913392,40.99215729,"1291","1118","1",Alta,Rocciosa, ,false,,"0",0,false,false,false,Si,Nessuna informazione,0,0,0,"0",false,Nessuna,Nessuna,Non verificato, ,"16072035",Mola di Bari,1998/04/21 00:00:00, ,"1948",G. Montrone,297.03616838,{A2DED0B4-7B31-46A5-9DFB-63852D2C9FC0},,298.658498730125,0
"72036",Putignano,17.1191007,40.84963964,"1291","1118","1",Alta,Rocciosa, ,false,,"0",0,false,false,false,Si,Nessuna informazione,0,0,0,"0",false,Nessuna,Nessuna,Non verificato, ,"16072035",Mola di Bari,1998/04/21 00:00:00, ,"1948",G. Montrone,297.03616838,{A2DED0B4-7B31-46A5-9DFB-63852D2C9FC0},,298.658498730125,17429.5736200416
"72037",Rutigliano,17.0079923,41.01071718,"5287","5151","1",Bassa,Rocciosa, ,false,,"0",0,false,false,false,Si,Nessuna informazione,0,0,0,"0",false,Nessuna,Nessuna,Non verificato, ,"16072028",Mola di Bari,1998/04/22 00:00:00, ,"1948",G. Montrone,4591.07215428,{DD7512ED-A70B-433E-ADAB-04D336DFB0DF},,4615.28648056552,7214.10593935389
"72038",Ruvo di Puglia,16.48485116,41.11699654,"18656","18538","2","Altro (lidi, pontili, ecc.)", , ,false,,"0",0,false,false,false,Si,Stabilità,0,0,0,"0",false,Nessuna,Nessuna,Non verificato, ,"16072029",Manfredonia,1998/04/21 00:00:00, ,"1949",G. Montrone,61.48723194,{B52FC79C-833F-4215-8D03-60304056B455},,61.7801508935403,12073.9663096754
"72039",Sammichele di Bari,16.95448003,40.88789514,"4676","4597","1",Bassa,Rocciosa, ,false,,"0",0,false,false,false,Si,Nessuna informazione,0,0,0,"0",false,Nessuna,Litologia,Non verificato, ,"16072028",Mola di Bari,1998/04/22 00:00:00, ,"1948",G. Montrone,738.04610447,{D671D169-5DE9-46CF-B0D5-33308ABC6884},,741.981939598326,21510.1132541221
"72040",Sannicandro di Bari,16.79941328,41.00069222,"19561","19456","2",Opere Portuali, , ,false,,"0",0,false,false,false,No,Nessuna informazione,0,0,0,"0",false,Nessuna,Nessuna,Non verificato, ,"16072006",Bari,1998/04/22 00:00:00, ,"1949",G. Montrone,19302.5423374,{31126DA0-1B68-4EF0-8958-4562F09CFEC1},,19400.2953244691,14024.8517105211
"72041",Santeramo in Colle,16.7525404,40.79461702,"11627","11493","1",Bassa,Sabbiosa, ,false,,"0",0,false,false,false,Si,Stabilità,0,0,0,"0",false,Nessuna,Litologia,Non verificato, ,"16072006",Mola di Bari,1998/04/22 00:00:00, ,"1948",G. Montrone,56.13785792,{F54A4DF1-6CE2-4A71-B2BE-55ADF5CCD252},,56.4282690391551,36908.8897118786
"72043",Terlizzi,16.54212656,41.13091344,"11634","11500","1",Bassa,Sabbiosa, ,false,,"0",0,false,false,false,Si,Stabilità,0,0,0,"0",false,Nessuna,Litologia,Non verificato, ,"16072029",Manfredonia,1998/04/21 00:00:00, ,"1949",G. Montrone,112.85520593,{C9FC1753-E49A-4FD6-B386-A977750B017C},,113.392992311298,8257.03577172895
"72044",Toritto,16.67887346,40.99581817,"34837","34780","3",Sponde del fiume, , ,false,,"0",0,false,false,false,No,Nessuna informazione,0,0,0,"0",false,Nessuna,Nessuna,Non verificato, ,"16072006",Molfetta,1998/04/22 00:00:00, ,"1949",G. Montrone,209.12818143,{64BA0287-1F79-481D-8A7C-5826335D0247},,210.175968566312,18337.5840525609
"72046",Triggiano,16.92503073,41.06530997,"11627","11493","1",Bassa,Sabbiosa, ,false,,"0",0,false,false,false,Si,Stabilità,0,0,0,"0",false,Nessuna,Litologia,Non verificato, ,"16072006",Mola di Bari,1998/04/22 00:00:00, ,"1948",G. Montrone,56.13785792,{F54A4DF1-6CE2-4A71-B2BE-55ADF5CCD252},,56.4282690391551,3479.59172932042
"72047",Turi,17.01911065,40.91562236,"4727","4680","1",Bassa,Rocciosa, ,false,,"0",0,false,false,false,Si,Nessuna informazione,0,0,0,"0",false,Nessuna,Nessuna,Mediocre,Linea di costa incerta a causa degli scogli in superficie,"16072028",Mola di Bari,1998/04/22 00:00:00, ,"1948",G. Montrone,3444.89672318,{76C58E03-8E4C-45C0-A810-7F81F58E0DE1},,3463.34270361064,15961.9108470777
"72048",Valenzano,16.88758285,41.04215431,"7628","7478","1",Bassa,Sabbiosa, ,false,,"0",0,false,false,false,Si,Erosione,150.44,2133.63,19.18,"36",false,Nessuna,Nessuna,Non verificato, ,"16072006",Mola di Bari,1998/04/22 00:00:00, ,"1949",G. Montrone,137.80292915,{C3949BC9-349F-411E-8E34-AE275FF5FBBC},,138.509698808172,7193.05464540311
"73001",Avetrana,17.72553974,40.3486326,"13009","12887","1",Bassa,Sabbiosa, ,false,,"0",0,false,false,false,Si,Stabilità,0,0,0,"0",false,Nessuna,Nessuna,Non verificato, ,"16073012",Porto Cesareo,1998/07/07 00:00:00, ,"1948",G. Montrone,227.46032398,{08D5924E-2C12-47A0-B2B9-440BEA612086},,228.852310119191,4347.05765825455
"73002",Carosino,17.39806119,40.46599866,"34187","34071","3",Sponde del fiume, , ,false,,"0",0,false,false,false,No,Nessuna informazione,0,0,0,"0",false,IGM,Nessuna,Non verificato, ,"16073027",Taranto,1998/07/07 00:00:00, ,"1947",G. Montrone,1959.72663567,{ABCF9419-B9DB-4E23-9275-001814D73A4E},,1970.81271036865,5291.66638201024
"73003",Castellaneta,16.93207342,40.63026114,"34852","34795","3",Sponde del fiume, , ,false,,"0",0,false,false,false,No,Nessuna informazione,0,0,0,"0",false,Nessuna,Nessuna,Non verificato, ,"16073021",Metaponto,1998/07/07 00:00:00, ,"1947",G. Montrone,608.95068277,{F417CAE4-3D95-47AD-BDD2-E290B5EA07F9},,612.195311949104,14385.3421427018
"73004",Crispiano,17.23103294,40.60522527,"34297","34159","3",Sponde del fiume, , ,false,,"0",0,false,false,false,No,Nessuna informazione,0,0,0,"0",false,IGM,Nessuna,Non verificato, ,"16073027",Taranto,1998/07/07 00:00:00, ,"1947",G. Montrone,687.28943373,{537111F9-08A1-44CC-A7CD-53F73E0BF6A1},,691.123977351695,10590.629013766
"73005",Faggiano,17.38859729,40.42157835,"14133","14078","1",Bassa,Sabbiosa, ,false,,"0",0,false,false,false,Si,Stabilità,0,0,0,"0",false,Nessuna,Nessuna,Non verificato, ,"16073022",Pulsano,1998/07/07 00:00:00, ,"1947",G. Montrone,110.90242384,{0FA4F1A5-0A78-44B6-B0A7-D8B42DF6D0EA},,111.534473784872,6772.68130580194
"73006",Fragagnano,17.47454788,40.43190187,"14117","14062","1",Bassa,Sabbiosa, ,false,,"0",0,false,false,false,Si,Stabilità,0,0,0,"0",false,Nessuna,Nessuna,Non verificato, ,"16073011",Pulsano,1998/07/07 00:00:00, ,"1947",G. Montrone,953.40568793,{6AE65A56-EDD4-4CF1-AAC0-2C2C21266850},,958.944787685317,10705.7526782815
"73007",Ginosa,16.75757236,40.57760797,"8357","9068","1",Bassa,Sabbiosa, ,false,,"0",0,false,false,false,Si,Avanzamento,6525.17,225950.33,39.63,"96",false,Nessuna,Nessuna,Non verificato, ,"16073003",Metaponto,1998/07/07 00:00:00, ,"1949",G. Montrone,1174.95096125,{00FEC56B-8BFD-45BE-8D28-9BBA66A0185E},,1181.10745727245,18875.2559931871
"73008",Grottaglie,17.42624084,40.53345498,"33530","33410","3",Collegamento sponde del fiume, , ,false,,"0",0,false,false,false,No,Nessuna informazione,0,0,0,"0",false,IGM,Nessuna,Non verificato, ,"16073027",Taranto,1998/07/07 00:00:00, ,"1947",G. Montrone,9.71578553,{8AD044DA-A2D4-4A0B-825F-09D32B382199},,9.77085535902603,8645.73167203811
"73009",Laterza,16.79904247,40.62247626,"13488","14054","1",Bassa,Sabbiosa, ,false,,"0",0,false,false,false,Si,Stabilità,0,0,0,"0",false,Nessuna,Nessuna,Non verificato, ,"16073003",Metaponto,1998/07/07 00:00:00, ,"1947",G. Montrone,4391.43476898,{F4CF418B-78EA-4B5F-8C9F-6CA64ECF5C61},,4414.64850652385,20310.987365037
"73010",Leporano,17.33263766,40.38387163,"3776","3690","1",Bassa,Rocciosa, ,false,,"0",0,false,false,false,Si,Nessuna informazione,0,0,0,"0",false,Nessuna,Nessuna,Non verificato, ,"16073010",Pulsano,1998/07/07 00:00:00, ,"1947",G. Montrone,1165.15480211,{F41C3C53-3CA2-4E1F-B3A7-6DBB315EDEF6},,1171.78769828815,1274.81888784984
"73011",Lizzano,17.4488364,40.39057131,"14136","14081","1",Bassa,Sabbiosa, ,false,,"0",0,false,false,false,Si,Stabilità,0,0,0,"0",false,Nessuna,Nessuna,Non verificato, ,"16073027",Pulsano,1998/07/07 00:00:00, ,"1947",G. Montrone,1056.21011687,{256D869C-8C2F-4A20-9420-7C4AD8D1FD52},,1062.33196993987,5730.22709719798
"73012",Manduria,17.63431392,40.39896695,"13005","12883","1",Bassa,Sabbiosa, ,false,,"0",0,false,false,false,Si,Stabilità,0,0,0,"0",false,Nessuna,Nessuna,Non verificato, ,"16073012",Porto Cesareo,1998/07/07 00:00:00, ,"1948",G. Montrone,1430.48544105,{343EA67A-38E0-4FA1-B7AC-F4383093B9B1},,1439.09639140531,9693.93462315694
"73013",Martina Franca,17.33897058,40.70492676,"33839","33815","3",Collegamento sponde del fiume, , ,false,,"0",0,false,false,false,No,Nessuna informazione,0,0,0,"0",false,Nessuna,Nessuna,Non verificato, ,"16074007",Ostuni,1998/07/07 00:00:00, ,"1948",G. Montrone,26.14078671,{E9B3BD69-BAE4-4256-8A3B-21D899ABFDDE},,26.2912066216886,17200.5748237776
"73014",Maruggio,17.57036287,40.31996532,"11854","11725","1",Bassa,Sabbiosa, ,false,,"0",0,false,false,false,Si,Stabilità,0,0,0,"0",false,Nessuna,Nessuna,Mediocre, ,"16073014",Porto Cesareo,1998/07/07 00:00:00, ,"1948",G. Montrone,1405.51392848,{6C30D025-F36A-49CD-BD5B-416EED05ACAD},,1413.88892494706,1334.4278156916
"73015",Massafra,17.11245596,40.58819549,"33834","33810","3",Collegamento sponde del fiume, , ,false,,"0",0,false,false,false,No,Nessuna informazione,0,0,0,"0",false,Nessuna,Nessuna,Non verificato, ,"16073015",Metaponto,1998/07/07 00:00:00, ,"1947",G. Montrone,6.59664012,{0AF4B5F3-A1C2-4DA5-82D1-3A5DC915F6C7},,6.63238013393761,6184.84451799378
"73016",Monteiasi,17.3790407,40.50212393,"10061","9919","1",Bassa,Sabbiosa, ,false,,"0",0,false,false,false,Si,Nessuna informazione,0,0,0,"0",false,IGM,Litologia,Non verificato, ,"16073027",Taranto,1998/07/07 00:00:00, ,"1947",G. Montrone,735.6153761,{1E58F335-9D3D-44C5-A997-5D6FE8830BEA},,739.78054868478,3634.65088070483
"73017",Montemesola,17.33540332,40.56230201,"11569","11459","1",Bassa,Sabbiosa, ,false,,"0",0,false,false,false,Si,Nessuna informazione,0,0,0,"0",false,IGM,Litologia,Non verificato, ,"16073027",Taranto,1998/07/07 00:00:00, ,"1947",G. Montrone,1262.03202296,{F294F7C1-BB1D-4DBB-9E0E-F2D13AFBCC39},,1269.16685048336,6161.09180545187
"73018",Monteparano,17.41370242,40.44410057,"34187","34071","3",Sponde del fiume, , ,false,,"0",0,false,false,false,No,Nessuna informazione,0,0,0,"0",false,IGM,Nessuna,Non verificato, ,"16073027",Taranto,1998/07/07 00:00:00, ,"1947",G. Montrone,1959.72663567,{ABCF9419-B9DB-4E23-9275-001814D73A4E},,1970.81271036865,7319.329409261
"73019",Mottola,17.03828609,40.63320579,"8039","9053","1",Bassa,Sabbiosa, ,false,,"0",0,false,false,false,Si,Avanzamento,5862.23,114930.4,24.61,"44",false,Nessuna,Nessuna,Non verificato, ,"16073015",Metaponto,1998/07/07 00:00:00, ,"1947",G. Montrone,1707.4295943,{2A05EDF3-6F8D-44D9-BE3E-0F415F230E3D},,1716.62574466946,12147.0597190016
"73020",Palagianello,16.97802218,40.61116442,"33836","33812","3",Collegamento sponde del fiume, , ,false,,"0",0,false,false,false,No,Nessuna informazione,0,0,0,"0",false,Nessuna,Nessuna,Non verificato, ,"16073021",Metaponto,1998/07/07 00:00:00, ,"1947",G. Montrone,30.16865428,{8969C8B2-9051-44F8-AAA9-CA183CDCED1E},,30.3293785838965,10976.997693366
"73021",Palagiano,17.03719997,40.57850783,"8039","9053","1",Bassa,Sabbiosa, ,false,,"0",0,false,false,false,Si,Avanzamento,5862.23,114930.4,24.61,"44",false,Nessuna,Nessuna,Non verificato, ,"16073015",Metaponto,1998/07/07 00:00:00, ,"1947",G. Montrone,1707.4295943,{2A05EDF3-6F8D-44D9-BE3E-0F415F230E3D},,1716.62574466946,6277.09068736653
"73022",Pulsano,17.35250362,40.38296602,"14133","14078","1",Bassa,Sabbiosa, ,false,,"0",0,false,false,false,Si,Stabilità,0,0,0,"0",false,Nessuna,Nessuna,Non verificato, ,"16073022",Pulsano,1998/07/07 00:00:00, ,"1947",G. Montrone,110.90242384,{0FA4F1A5-0A78-44B6-B0A7-D8B42DF6D0EA},,111.534473784872,1507.59520889885
"73023",Roccaforzata,17.38887156,40.43768778,"33526","33406","3",Collegamento sponde del fiume, , ,false,,"0",0,false,false,false,No,Nessuna informazione,0,0,0,"0",false,IGM,Nessuna,Non verificato, ,"16073027",Taranto,1998/07/07 00:00:00, ,"1947",G. Montrone,22.75448555,{7CDB7EDF-2234-4B1F-9D30-7C68FBE156D9},,22.8833411681621,5883.73488883589
"73024",San Giorgio Ionico,17.3835432,40.45939299,"33526","33406","3",Collegamento sponde del fiume, , ,false,,"0",0,false,false,false,No,Nessuna informazione,0,0,0,"0",false,IGM,Nessuna,Non verificato, ,"16073027",Taranto,1998/07/07 00:00:00, ,"1947",G. Montrone,22.75448555,{7CDB7EDF-2234-4B1F-9D30-7C68FBE156D9},,22.8833411681621,4282.68376763656
"73025",San Marzano di San Giuseppe,17.50559472,40.4509492,"14117","14062","1",Bassa,Sabbiosa, ,false,,"0",0,false,false,false,Si,Stabilità,0,0,0,"0",false,Nessuna,Nessuna,Non verificato, ,"16073011",Pulsano,1998/07/07 00:00:00, ,"1947",G. Montrone,953.40568793,{6AE65A56-EDD4-4CF1-AAC0-2C2C21266850},,958.944787685317,13554.991626047
"73026",Sava,17.5562317,40.40332168,"10638","10505","1",Bassa,Sabbiosa, ,false,,"0",0,false,false,false,Si,Erosione,3831.79,79473.72,25.74,"60",false,Nessuna,Nessuna,Non verificato, ,"16073028",Pulsano,1998/07/07 00:00:00, ,"1948",G. Montrone,398.95840225,{632E681A-AD24-45C3-9703-2F2019C0EF81},,401.300911510522,10677.0596917765
"73027",Taranto,17.23237621,40.47354719,"4592","4513","1",Bassa,Rocciosa, ,false,,"0",0,false,false,false,Si,Nessuna informazione,0,0,0,"0",false,IGM,Nessuna,Non verificato, ,"16073027",Taranto,1998/07/07 00:00:00, ,"1947",G. Montrone,16.68739035,{E2F061AA-FF99-405D-BC5A-E8631B0C22B8},,16.780161829421,0
"73028",Torricella,17.5017528,40.35499641,"10639","10506","1",Bassa,Sabbiosa, ,false,,"0",0,false,false,false,Si,Erosione,3831.79,79473.72,25.74,"60",false,Nessuna,Nessuna,Non verificato, ,"16073028",Pulsano,1998/07/07 00:00:00, ,"1948",G. Montrone,1309.52753689,{B7291517-AB3F-49C5-B544-98FF3B45D381},,1317.1995403237,3978.7419890347
"73029",Statte,17.20061721,40.56357214,"19417","19254","2",Opere Portuali, , ,false,,"0",0,false,false,false,No,Nessuna informazione,0,0,0,"0",false,Nessuna,Nessuna,Ottima, ,"16073027",Taranto,1998/07/07 00:00:00, ,"1947",G. Montrone,9208.01331653,{8E520C9D-A620-49C2-A597-81F0D76A81BA},,9258.51701173239,5968.76103972981
"74001",Brindisi,17.94602372,40.63848508,"19761","19676","2",Opere Portuali, , ,false,,"0",0,false,false,false,No,Nessuna informazione,0,0,0,"0",false,Nessuna,Nessuna,Non verificato,Area mascherata nel 2000 e digitalizzata da ortofoto 2005,"16074001",Brindisi,1998/07/07 00:00:00, ,"1948",G. Montrone,233.01019978,{4415DE83-872E-4724-BB5C-DE889FB5E7B7},,234.474156817293,0
"74002",Carovigno,17.65938885,40.70709775,"6560","7110","1",Bassa,Sabbiosa, ,false,,"0",0,false,false,false,Si,Erosione,96.35,3105.03,37.23,"44",false,Nessuna,Nessuna,Non verificato, ,"16074002",Ostuni,1998/07/07 00:00:00, ,"1948",G. Montrone,90.51017945,{B1D6572C-CCBB-436E-BF26-9AEA1BFF376F},,91.0540464599337,5658.23095602306
"74003",Ceglie Messapica,17.51709246,40.64697359,"33637","33536","3",Sponde del fiume, , ,false,,"0",0,false,false,false,No,Nessuna informazione,0,0,0,"0",false,Nessuna,Nessuna,Non verificato, ,"16074012",Ostuni,1998/07/07 00:00:00, ,"1948",G. Montrone,300.14326699,{B9246121-9755-433F-AD50-A3910E400120},,301.90096102963,15961.3154872848
"74004",Cellino San Marco,17.96963924,40.4742839,"33842","33818","3",Collegamento sponde del fiume, , ,false,,"0",0,false,false,false,No,Nessuna informazione,0,0,0,"0",false,Nessuna,Nessuna,Non verificato, ,"16074018",S. Cataldo,1998/07/07 00:00:00, ,"1948",G. Montrone,12.48620965,{C8AE156C-684E-48B0-A03E-11FA3625F507},,12.5668678069632,9765.71610670499
"74005",Cisternino,17.42571204,40.73932206,"34856","34799","3",Sponde del fiume, , ,false,,"0",0,false,false,false,No,Nessuna informazione,0,0,0,"0",false,Nessuna,Nessuna,Non verificato, ,"16074007",Ostuni,1998/07/07 00:00:00, ,"1948",G. Montrone,392.51131971,{1A26753B-99C8-42D7-97B0-EE1696990531},,394.775254271232,9889.91819988412
"74006",Erchie,17.73260551,40.43843463,"34280","34142","3",Sponde del fiume, , ,false,,"0",0,false,false,false,No,Nessuna informazione,0,0,0,"0",false,Nessuna,Nessuna,Non verificato, ,"16073012",Porto Cesareo,1998/07/07 00:00:00, ,"1948",G. Montrone,519.52761298,{DF593EFD-32F2-48B8-9B36-3637D0848CC9},,522.719535534593,14242.0729027689
"74007",Fasano,17.35899339,40.83440238,"5381","5257","1",Bassa,Rocciosa, ,false,,"0",0,false,false,false,Si,Nessuna informazione,0,0,0,"0",false,Nessuna,Nessuna,Non verificato, ,"16074007",Ostuni,1998/04/21 00:00:00, ,"1948",G. Poggi,198.82843008,{87E5F043-8D5D-4AA9-8227-D680EB88E077},,199.959251599092,5106.79902813992
"74008",Francavilla Fontana,17.58338396,40.53287722,"10061","9919","1",Bassa,Sabbiosa, ,false,,"0",0,false,false,false,Si,Nessuna informazione,0,0,0,"0",false,IGM,Litologia,Non verificato, ,"16073027",Taranto,1998/07/07 00:00:00, ,"1947",G. Montrone,735.6153761,{1E58F335-9D3D-44C5-A997-5D6FE8830BEA},,739.78054868478,21380.986972469
"74009",Latiano,17.71636285,40.55457921,"7597","7422","1",Bassa,Sabbiosa, ,false,,"0",0,false,false,false,Si,Avanzamento,741.99,8178.8,16.02,"32",false,Nessuna,Nessuna,Non verificato, ,"16074001",Ostuni,1998/07/07 00:00:00, ,"1948",G. Montrone,766.60217111,{8797DCB7-D709-41CE-B32A-ED4F846B8A0A},,771.324282297585,17357.6363225239
"74010",Mesagne,17.80858234,40.5545929,"19764","19679","2",Opere Portuali, , ,false,,"0",0,false,false,false,No,Nessuna informazione,0,0,0,"0",false,Nessuna,Nessuna,Non verificato,Area mascherata nel 2000 e digitalizzata da ortofoto 2005,"16074001",Brindisi,1998/07/07 00:00:00, ,"1948",G. Montrone,36821.686396,{27F4CEA1-571A-46A6-B03E-037158828B55},,37054.0883710587,12896.6850570354
"74011",Oria,17.64606913,40.50270713,"13006","12884","1",Bassa,Sabbiosa, ,false,,"0",0,false,false,false,Si,Stabilità,0,0,0,"0",false,Nessuna,Nessuna,Non verificato, ,"16073012",Porto Cesareo,1998/07/07 00:00:00, ,"1948",G. Montrone,3521.18039584,{120EB6DA-8C96-4E59-ABEA-AC80EE830A3E},,3542.49148657726,21193.8087427329
"74012",Ostuni,17.57782936,40.7321986,"5401","5277","1",Bassa,Rocciosa, ,false,,"0",0,false,false,false,Si,Nessuna informazione,0,0,0,"0",false,Nessuna,Nessuna,Non verificato, ,"16074012",Ostuni,1998/07/07 00:00:00, ,"1948",G. Montrone,2573.60160885,{C0A12158-C309-411B-9260-B2EFE6239A63},,2588.79608803566,5365.84594999024
"74013",San Donaci,17.92215403,40.4467828,"33842","33818","3",Collegamento sponde del fiume, , ,false,,"0",0,false,false,false,No,Nessuna informazione,0,0,0,"0",false,Nessuna,Nessuna,Non verificato, ,"16074018",S. Cataldo,1998/07/07 00:00:00, ,"1948",G. Montrone,12.48620965,{C8AE156C-684E-48B0-A03E-11FA3625F507},,12.5668678069632,14791.4783179624
"74014",San Michele Salentino,17.63151178,40.62900695,"4163","5243","1",Bassa,Rocciosa, ,false,,"0",0,false,false,false,Si,Nessuna informazione,0,0,0,"0",false,Nessuna,Nessuna,Non verificato, ,"16074002",Ostuni,1998/07/07 00:00:00, ,"1948",G. Montrone,1474.20639868,{10C105BD-A8E0-46C6-BC05-076ADB7344B2},,1483.14173857244,14228.0150608506
"74015",San Pancrazio Salentino,17.83834669,40.41722359,"34867","34810","3",Sponde del fiume, , ,false,,"0",0,false,false,false,No,Nessuna informazione,0,0,0,"0",false,Nessuna,Nessuna,Non verificato, ,"16075097",Porto Cesareo,1998/04/26 00:00:00, ,"1948",G. Montrone,476.82297168,{E3EA3602-5502-4EE5-A9AF-830CFE4E87CC},,479.777374569594,13041.3390935255
"74016",San Pietro Vernotico,17.99716791,40.48837377,"33640","33539","3",Sponde del fiume, , ,false,,"0",0,false,false,false,No,Nessuna informazione,0,0,0,"0",false,Nessuna,Nessuna,Non verificato, ,"16074018",S. Cataldo,1998/07/07 00:00:00, ,"1948",G. Montrone,604.98220297,{4C8E352B-E5C2-4EA5-88AD-9C43FBF7E109},,608.892918522497,6969.48234902881
"74017",San Vito dei Normanni,17.70328188,40.65645909,"4161","5241","1",Bassa,Rocciosa, ,false,,"0",0,false,false,false,Si,Nessuna informazione,0,0,0,"0",false,Nessuna,Nessuna,Non verificato, ,"16074002",Ostuni,1998/07/07 00:00:00, ,"1948",G. Montrone,2263.95613756,{393E0B69-F1A8-45C1-9E6E-B600A6087CA0},,2277.71106601781,8293.06881476027
"74018",Torchiarolo,18.05525443,40.48027665,"33639","33538","3",Sponde del fiume, , ,false,,"0",0,false,false,false,No,Nessuna informazione,0,0,0,"0",false,Nessuna,Nessuna,Non verificato, ,"16074018",S. Cataldo,1998/07/07 00:00:00, ,"1948",G. Montrone,603.69839719,{89E5552C-43E9-48A6-885F-0F2B9F3F1F5C},,607.600937856256,3772.02849812801
"74019",Torre Santa Susanna,17.74281229,40.46385303,"34280","34142","3",Sponde del fiume, , ,false,,"0",0,false,false,false,No,Nessuna informazione,0,0,0,"0",false,Nessuna,Nessuna,Non verificato, ,"16073012",Porto Cesareo,1998/07/07 00:00:00, ,"1948",G. Montrone,519.52761298,{DF593EFD-32F2-48B8-9B36-3637D0848CC9},,522.719535534593,17042.0368287241
"74020",Villa Castelli,17.47588931,40.57717011,"33530","33410","3",Collegamento sponde del fiume, , ,false,,"0",0,false,false,false,No,Nessuna informazione,0,0,0,"0",false,IGM,Nessuna,Non verificato, ,"16073027",Taranto,1998/07/07 00:00:00, ,"1947",G. Montrone,9.71578553,{8AD044DA-A2D4-4A0B-825F-09D32B382199},,9.77085535902603,14818.786608143
"75001",Acquarica del Capo,18.24994845,39.90548118,"14288","14243","1",Bassa,Sabbiosa, ,false,,"0",0,false,false,false,Si,Stabilità,0,0,0,"0",false,Nessuna,Nessuna,Non verificato, ,"16075066",Ugento,1998/04/26 00:00:00, ,"1948",G. Montrone,1780.66182349,{10395C22-C0ED-44CC-ADF9-F086EBCCD8EB},,1792.73907978723,6810.16868156042
"75002",Alessano,18.33717833,39.88496383,"226","1459","1",Alta,Rocciosa, ,false,,"0",0,false,false,false,Si,Nessuna informazione,0,0,0,"0",false,Nessuna,Nessuna,Non verificato, ,"16075088",Tricase,1998/04/26 00:00:00, ,"1947",G. Montrone,1062.42062018,{574AEEF7-2C81-45B7-998F-9E77535097C0},,1069.76771133264,4122.87916950286
"75003",Alezio,18.0622259,40.06010922,"14223","14168","1",Bassa,Sabbiosa, ,false,,"0",0,false,false,false,Si,Stabilità,0,0,0,"0",false,Nessuna,Nessuna,Non verificato, ,"16075031",S. Giovanni,1998/04/26 00:00:00, ,"1947",G. Montrone,2792.12639204,{F565F9FE-A3D8-4809-B849-D3E678C156B1},,2810.22615593957,3850.50506375054
"75004",Alliste,18.08950629,39.94751318,"3481","4058","1",Bassa,Rocciosa, ,false,,"0",0,false,false,false,Si,Nessuna informazione,0,0,0,"0",false,Nessuna,Nessuna,Non verificato, ,"16075004",Ugento,1998/04/26 00:00:00, ,"1947",G. Montrone,5616.56495616,{3B8DA8A1-EBE1-43DC-906D-41C154C5F28E},,5653.37992559583,2660.05079423086
"75005",Andrano,18.38680849,39.98358689,"394","1439","1",Alta,Rocciosa, ,false,,"0",0,false,false,false,Si,Nessuna informazione,0,0,0,"0",false,Nessuna,Nessuna,Non verificato, ,"16075027",Tricase,1998/04/26 00:00:00, ,"1947",G. Montrone,2365.87695951,{D2A7CE60-1A79-4525-ABCC-191101835354},,2382.25400822939,966.39232798255
"75006",Aradeo,18.13479344,40.12769568,"7322","7097","1",Bassa,Sabbiosa, ,false,,"0",0,false,false,false,Si,Avanzamento,260.73,3874.97,19.86,"36",false,Nessuna,Nessuna,Non verificato, ,"16075031",Gallipoli,1998/04/26 00:00:00, ,"1947",G. Montrone,230.80954298,{63BDC026-16F8-4CE3-AF4C-157871B2BEE1},,232.301731000107,9896.97430289918
"75007",Arnesano,18.0896641,40.3353575,"33845","33821","3",Collegamento sponde del fiume, , ,false,,"0",0,false,false,false,No,Nessuna informazione,0,0,0,"0",false,Nessuna,Nessuna,Non verificato, ,"16075035",S. Cataldo,1998/04/27 00:00:00, ,"1948",G. Montrone,22.0808184,{165EA822-467B-4B9C-9174-A095DD1905BF},,22.2261791222365,16030.875576626
"75008",Bagnolo del Salento,18.35271075,40.14816512,"3490","4067","1",Bassa,Rocciosa, ,false,,"0",0,false,false,false,Si,Nessuna informazione,0,0,0,"0",false,Nessuna,Nessuna,Non verificato, ,"16075057",S. Cataldo,1998/04/26 00:00:00, ,"1948",G. Montrone,66.68014864,{EE537C16-1C3A-486D-B553-3AE395167C98},,67.1426414352567,9764.14367533042
"75009",Botrugno,18.32463753,40.06444093,"232","1465","1",Alta,Rocciosa, ,false,,"0",0,false,false,false,Si,Nessuna informazione,0,0,0,"0",false,Nessuna,Nessuna,Non verificato, ,"16075096",Tricase,1998/04/26 00:00:00, ,"1948",G. Montrone,4217.48773757,{E1F335D8-B360-44F5-AD68-FA05A2120BC7},,4246.75411997712,9523.69023269204
"75010",Calimera,18.28005637,40.25121302,"13057","12958","1",Bassa,Sabbiosa, ,false,,"0",0,false,false,false,Si,Stabilità,0,0,0,"0",false,Nessuna,Nessuna,Non verificato, ,"16075043",S. Cataldo,1998/05/21 00:00:00, ,"1948",G. Montrone,208.15307205,{F8E7A298-CA26-4AF2-ADC5-90478AC3633B},,209.573183664518,10499.5342599355
"75011",Campi Salentina,18.02029811,40.39918282,"9684","10027","1",Bassa,Sabbiosa, ,false,,"0",0,false,false,false,Si,Erosione,854.08,17053.23,24.97,"40",false,Nessuna,Nessuna,Non verificato,Digitalizzazione incerta,"16075035",S. Cataldo,1998/04/27 00:00:00, ,"1948",G. Montrone,785.99309181,{AB837FA4-9A2B-4125-8715-02365EDDB815},,791.116340826262,12889.4270535171
"75012",Cannole,18.36351441,40.16786412,"33848","33824","3",Collegamento sponde del fiume, , ,false,,"0",0,false,false,false,No,Nessuna informazione,0,0,0,"0",false,Nessuna,Nessuna,Non verificato, ,"16075057",S. Cataldo,1998/04/26 00:00:00, ,"1948",G. Montrone,40.01880246,{2979CAF5-D67F-472E-821B-140AABE2A704},,40.295944512099,8005.79738988901
"75013",Caprarica di Lecce,18.24503297,40.26288717,"14266","14221","1",Bassa,Sabbiosa, ,false,,"0",0,false,false,false,Si,Stabilità,0,0,0,"0",false,Nessuna,Nessuna,Non verificato, ,"16075043",S. Cataldo,1998/05/21 00:00:00, ,"1948",G. Montrone,48.06204488,{4906B6EA-E049-494F-B29F-13A34D9F5A26},,48.389565422046,12200.15491445
"75014",Carmiano,18.04546614,40.34555275,"14307","14262","1",Bassa,Sabbiosa, ,false,,"0",0,false,false,false,Si,Stabilità,0,0,0,"0",false,Nessuna,Nessuna,Non verificato, ,"16075097",Porto Cesareo,1998/04/26 00:00:00, ,"1947",G. Montrone,285.42733166,{2F2B56FC-A990-448E-8D74-6E46A03F9A49},,287.23158047299,14659.6616659939
"75015",Carpignano Salentino,18.34056743,40.19794197,"33848","33824","3",Collegamento sponde del fiume, , ,false,,"0",0,false,false,false,No,Nessuna informazione,0,0,0,"0",false,Nessuna,Nessuna,Non verificato, ,"16075057",S. Cataldo,1998/04/26 00:00:00, ,"1948",G. Montrone,40.01880246,{2979CAF5-D67F-472E-821B-140AABE2A704},,40.295944512099,9031.67580196339
"75016",Casarano,18.16107134,40.00917327,"14222","14167","1",Bassa,Sabbiosa, ,false,,"0",0,false,false,false,Si,Stabilità,0,0,0,"0",false,Nessuna,Nessuna,Non verificato, ,"16075031",S. Giovanni,1998/04/26 00:00:00, ,"1947",G. Montrone,989.65923523,{12FF52F4-D949-4437-9CFF-C8C8EAF36931},,996.084136570263,11100.707147476
"75017",Castri di Lecce,18.26679641,40.27266762,"14266","14221","1",Bassa,Sabbiosa, ,false,,"0",0,false,false,false,Si,Stabilità,0,0,0,"0",false,Nessuna,Nessuna,Non verificato, ,"16075043",S. Cataldo,1998/05/21 00:00:00, ,"1948",G. Montrone,48.06204488,{4906B6EA-E049-494F-B29F-13A34D9F5A26},,48.389565422046,10038.5843419649
"75018",Castrignano de' Greci,18.29524914,40.17484585,"33668","33567","3",Sponde del fiume, , ,false,,"0",0,false,false,false,No,Nessuna informazione,0,0,0,"0",false,Nessuna,Nessuna,Non verificato, ,"16075057",S. Cataldo,1998/04/26 00:00:00, ,"1948",G. Montrone,126.34879092,{3B386602-5416-466A-BA8C-B6C26A3D7AF7},,127.223927598869,13278.6312187348
"75019",Castrignano del Capo,18.35351827,39.82937641,"397","1442","1",Alta,Rocciosa, ,false,,"0",0,false,false,false,Si,Nessuna informazione,0,0,0,"0",false,Nessuna,Nessuna,Non verificato, ,"16075028",Tricase,1998/04/26 00:00:00, ,"1947",G. Montrone,6490.98443262,{FD42E86D-3E06-4623-9B71-CBA084B298AD},,6535.94367607533,1805.76426596261
"75020",Cavallino,18.19450195,40.31566554,"14301","14256","1",Bassa,Sabbiosa, ,false,,"0",0,false,false,false,Si,Stabilità,0,0,0,"0",false,Nessuna,Nessuna,Non verificato, ,"16075093",S. Cataldo,1998/04/27 00:00:00, ,"1948",G. Montrone,246.34992029,{FF544C49-B1EE-4451-AD6F-D789937B6268},,248.007350231199,11158.9485035627
"75021",Collepasso,18.16293668,40.07320903,"12000","11815","1",Bassa,Sabbiosa, ,false,,"0",0,false,false,false,Si,Stabilità,0,0,0,"0",false,Nessuna,Nessuna,Mediocre, ,"16075031",Gallipoli,1998/04/26 00:00:00, ,"1947",G. Montrone,127.0839683,{ADD27E91-4B79-4105-86C0-7B896FFCA9D6},,127.906117904316,12055.785997119
"75022",Copertino,18.04781615,40.27185847,"18491","18416","2","Altro (lidi, pontili, ecc.)", , ,false,,"0",0,false,false,false,No,Nessuna informazione,0,0,0,"0",false,Nessuna,Nessuna,Ottima, ,"16075052",Porto Cesareo,1998/04/26 00:00:00, ,"1947",G. Montrone,1021.97355713,{5FF6831B-475C-4CF8-B326-7DD52DDEC779},,1028.46373208153,10822.9156152485
"75023",Corigliano d'Otranto,18.26174637,40.1599076,"33668","33567","3",Sponde del fiume, , ,false,,"0",0,false,false,false,No,Nessuna informazione,0,0,0,"0",false,Nessuna,Nessuna,Non verificato, ,"16075057",S. Cataldo,1998/04/26 00:00:00, ,"1948",G. Montrone,126.34879092,{3B386602-5416-466A-BA8C-B6C26A3D7AF7},,127.223927598869,16483.121619985
"75024",Corsano,18.36969874,39.88968158,"393","1438","1",Alta,Rocciosa, ,false,,"0",0,false,false,false,Si,Nessuna informazione,0,0,0,"0",false,Nessuna,Nessuna,Non verificato, ,"16075024",Tricase,1998/04/26 00:00:00, ,"1947",G. Montrone,4337.85509738,{0C6DA2F7-22B4-4770-A26B-C7EFB6CC099C},,4367.90728736877,1420.59535751239
"75025",Cursi,18.31409756,40.15011438,"33848","33824","3",Collegamento sponde del fiume, , ,false,,"0",0,false,false,false,No,Nessuna informazione,0,0,0,"0",false,Nessuna,Nessuna,Non verificato, ,"16075057",S. Cataldo,1998/04/26 00:00:00, ,"1948",G. Montrone,40.01880246,{2979CAF5-D67F-472E-821B-140AABE2A704},,40.295944512099,12686.197791416
"75026",Cutrofiano,18.19990507,40.12722019,"7322","7097","1",Bassa,Sabbiosa, ,false,,"0",0,false,false,false,Si,Avanzamento,260.73,3874.97,19.86,"36",false,Nessuna,Nessuna,Non verificato, ,"16075031",Gallipoli,1998/04/26 00:00:00, ,"1947",G. Montrone,230.80954298,{63BDC026-16F8-4CE3-AF4C-157871B2BEE1},,232.301731000107,15387.0132094216
"75027",Diso,18.38716924,40.00821624,"14217","14162","1",Bassa,Sabbiosa, ,false,,"0",0,false,false,false,Si,Stabilità,0,0,0,"0",false,Nessuna,Nessuna,Non verificato, ,"16075027",Tricase,1998/04/26 00:00:00, ,"1947",G. Montrone,34.00228167,{5C89B304-5C82-45B2-8299-B95B9FA1CF81},,34.2376380816528,1973.13777990154
"75028",Gagliano del Capo,18.36948476,39.84652739,"397","1442","1",Alta,Rocciosa, ,false,,"0",0,false,false,false,Si,Nessuna informazione,0,0,0,"0",false,Nessuna,Nessuna,Non verificato, ,"16075028",Tricase,1998/04/26 00:00:00, ,"1947",G. Montrone,6490.98443262,{FD42E86D-3E06-4623-9B71-CBA084B298AD},,6535.94367607533,430.287474604943
"75029",Galatina,18.17227503,40.1739561,"14221","14166","1",Bassa,Sabbiosa, ,false,,"0",0,false,false,false,Si,Stabilità,0,0,0,"0",false,Nessuna,Nessuna,Non verificato, ,"16075031",Gallipoli,1998/04/26 00:00:00, ,"1947",G. Montrone,228.80104742,{770D0EBB-257D-49D7-A334-1CA42529F256},,230.280136366171,14705.8714183628
"75030",Galatone,18.07167875,40.14844824,"1579","1448","1",Alta,Rocciosa, ,false,,"0",0,false,false,false,Si,Nessuna informazione,0,0,0,"0",false,Nessuna,Nessuna,Non verificato, ,"16075052",Gallipoli,1998/04/26 00:00:00, ,"1947",G. Montrone,2254.97802971,{A7253255-0C43-4779-9A1F-539EC217CF09},,2269.49428370986,5702.70928954937
"75031",Gallipoli,17.97422723,40.05318073,"5424","5300","1",Bassa,Rocciosa, ,false,,"0",0,false,false,false,Si,Nessuna informazione,0,0,0,"0",false,Nessuna,Nessuna,Non verificato, ,"16075031",S. Giovanni,1998/04/26 00:00:00, ,"1947",G. Montrone,347.26408805,{0F38DE78-2109-4CE5-9A01-2AC59FFDF787},,349.49979941374,0
"75032",Giuggianello,18.36869462,40.0939455,"1588","1457","1",Alta,Rocciosa, ,false,,"0",0,false,false,false,Si,Nessuna informazione,0,0,0,"0",false,Nessuna,Nessuna,Non verificato, ,"16075072",Tricase,1998/04/26 00:00:00, ,"1948",G. Montrone,1483.72351163,{2589BBDB-9788-495E-88F4-D38CD9A424A3},,1494.02787289353,8516.1823409421
"75033",Giurdignano,18.43113227,40.12373984,"9116","8936","1",Bassa,Sabbiosa, ,false,,"0",0,false,false,false,Si,Erosione,266.4,5013.65,23.82,"32",false,Nessuna,Nessuna,Non verificato, ,"16075057",S. Cataldo,1998/04/26 00:00:00, ,"1948",G. Montrone,106.70479528,{2994AB44-A98B-4590-9B42-554851FC13BD},,107.448495260442,4548.28941608226
"75034",Guagnano,17.94936025,40.40342818,"14312","14267","1",Bassa,Sabbiosa, ,false,,"0",0,false,false,false,Si,Stabilità,0,0,0,"0",false,Nessuna,Nessuna,Non verificato, ,"16075097",Porto Cesareo,1998/04/26 00:00:00, ,"1947",G. Montrone,2410.25695245,{3DC259AD-934F-4A1B-A4EB-66D859D94940},,2425.37424851372,14356.766514737
"75035",Lecce,18.17190671,40.35354239,"14236","14181","1",Bassa,Sabbiosa, ,false,,"0",0,false,false,false,Si,Stabilità,0,0,0,"0",false,Nessuna,Nessuna,Non verificato, ,"16075035",S. Cataldo,1998/04/27 00:00:00, ,"1948",G. Montrone,968.01506259,{B667EDF0-109E-4B81-B299-A483A373F360},,974.474886204872,9882.8661888172
"75036",Lequile,18.14099269,40.30715326,"10199","10080","1",Bassa,Sabbiosa, ,false,,"0",0,false,false,false,Si,Erosione,935.56,12688.87,18.56,"40",false,Nessuna,Nessuna,Non verificato, ,"16075035",S. Cataldo,1998/04/27 00:00:00, ,"1948",G. Montrone,650.92300053,{8EB0CA2E-4D03-4B3C-8122-C38C49D40ABB},,655.278730760284,15290.3847075622
"75037",Leverano,17.99623839,40.28662216,"3523","4650","1",Bassa,Rocciosa, ,false,,"0",0,false,false,false,Si,Nessuna informazione,0,0,0,"0",false,Nessuna,Litologia,Ottima, ,"16075097",Porto Cesareo,1998/04/26 00:00:00, ,"1947",G. Montrone,358.53495073,{A07FA574-D36A-44B3-8833-022DEC900263},,360.803105585882,7503.06454257188
"75038",Lizzanello,18.22213852,40.30354492,"14299","14254","1",Bassa,Sabbiosa, ,false,,"0",0,false,false,false,Si,Stabilità,0,0,0,"0",false,Nessuna,Nessuna,Non verificato, ,"16075093",S. Cataldo,1998/04/27 00:00:00, ,"1948",G. Montrone,744.6172089,{A4E06047-C361-4041-A807-DADF4340612A},,749.638012042643,10175.9692997765
"75039",Maglie,18.29885845,40.1210185,"1588","1457","1",Alta,Rocciosa, ,false,,"0",0,false,false,false,Si,Nessuna informazione,0,0,0,"0",false,Nessuna,Nessuna,Non verificato, ,"16075072",Tricase,1998/04/26 00:00:00, ,"1948",G. Montrone,1483.72351163,{2589BBDB-9788-495E-88F4-D38CD9A424A3},,1494.02787289353,14955.6541767922
"75040",Martano,18.3012099,40.20383567,"33669","33568","3",Sponde del fiume, , ,false,,"0",0,false,false,false,No,Nessuna informazione,0,0,0,"0",false,Nessuna,Nessuna,Non verificato, ,"16075057",S. Cataldo,1998/04/26 00:00:00, ,"1948",G. Montrone,125.67966019,{5384E7E8-7575-415F-A287-DFDC9EEC3724},,126.550126631326,12382.8956346721
"75041",Martignano,18.25893498,40.23747962,"13057","12958","1",Bassa,Sabbiosa, ,false,,"0",0,false,false,false,Si,Stabilità,0,0,0,"0",false,Nessuna,Nessuna,Non verificato, ,"16075043",S. Cataldo,1998/05/21 00:00:00, ,"1948",G. Montrone,208.15307205,{F8E7A298-CA26-4AF2-ADC5-90478AC3633B},,209.573183664518,12873.6449829363
"75042",Matino,18.13410681,40.0326378,"33660","33559","3",Sponde del fiume, , ,false,,"0",0,false,false,false,No,Nessuna informazione,0,0,0,"0",false,Nessuna,Nessuna,Non verificato, ,"16075031",S. Giovanni,1998/04/26 00:00:00, ,"1947",G. Poggi,121.77291618,{692B376F-67E6-41BB-A185-7569D233B7D5},,122.56341905425,8752.69357587992
"75043",Melendugno,18.33705321,40.26684234,"5451","5327","1",Bassa,Rocciosa, ,false,,"0",0,false,false,false,Si,Nessuna informazione,0,0,0,"0",false,Nessuna,Nessuna,Non verificato, ,"16075043",S. Cataldo,1998/05/21 00:00:00, ,"1948",G. Montrone,582.85863915,{E6B0BB08-C843-4F37-9369-B0B6A61EAC61},,586.838620317748,5774.69860535358
"75044",Melissano,18.12361956,39.97354513,"3481","4058","1",Bassa,Rocciosa, ,false,,"0",0,false,false,false,Si,Nessuna informazione,0,0,0,"0",false,Nessuna,Nessuna,Non verificato, ,"16075004",Ugento,1998/04/26 00:00:00, ,"1947",G. Montrone,5616.56495616,{3B8DA8A1-EBE1-43DC-906D-41C154C5F28E},,5653.37992559583,6708.36335968949
"75045",Melpignano,18.28944514,40.15476064,"33848","33824","3",Collegamento sponde del fiume, , ,false,,"0",0,false,false,false,No,Nessuna informazione,0,0,0,"0",false,Nessuna,Nessuna,Non verificato, ,"16075057",S. Cataldo,1998/04/26 00:00:00, ,"1948",G. Montrone,40.01880246,{2979CAF5-D67F-472E-821B-140AABE2A704},,40.295944512099,14414.1085533507
"75046",Miggiano,18.30685161,39.96506708,"390","1435","1",Alta,Rocciosa, ,false,,"0",0,false,false,false,Si,Nessuna informazione,0,0,0,"0",false,Nessuna,Nessuna,Non verificato, ,"16075005",Tricase,1998/04/26 00:00:00, ,"1947",G. Montrone,1841.71719411,{28E13256-817C-4939-B638-340EE66A4C38},,1854.4597553036,7269.75445406511
"75047",Minervino di Lecce,18.42237093,40.09260096,"9399","9309","1",Bassa,Sabbiosa, ,false,,"0",0,false,false,false,Si,Erosione,188.25,3655.2,24.42,"52",false,Nessuna,Nessuna,Non verificato, ,"16075057",Tricase,1998/04/26 00:00:00, ,"1948",G. Montrone,33.14735976,{7C170A7D-0CD6-40DB-B382-CB56FA947AD9},,33.3787021002497,4343.02184465267
"75048",Monteroni di Lecce,18.09755191,40.32881508,"33845","33821","3",Collegamento sponde del fiume, , ,false,,"0",0,false,false,false,No,Nessuna informazione,0,0,0,"0",false,Nessuna,Nessuna,Non verificato, ,"16075035",S. Cataldo,1998/04/27 00:00:00, ,"1948",G. Montrone,22.0808184,{165EA822-467B-4B9C-9174-A095DD1905BF},,22.2261791222365,16361.9706627362
"75049",Montesano Salentino,18.32185742,39.97592261,"390","1435","1",Alta,Rocciosa, ,false,,"0",0,false,false,false,Si,Nessuna informazione,0,0,0,"0",false,Nessuna,Nessuna,Non verificato, ,"16075005",Tricase,1998/04/26 00:00:00, ,"1947",G. Montrone,1841.71719411,{28E13256-817C-4939-B638-340EE66A4C38},,1854.4597553036,6166.28777367188
"75050",Morciano di Leuca,18.31139501,39.84696956,"5472","5348","1",Bassa,Rocciosa, ,false,,"0",0,false,false,false,Si,Nessuna informazione,0,0,0,"0",false,Nessuna,Nessuna,Non verificato, ,"16075060",Ugento,1998/04/26 00:00:00, ,"1948",G. Montrone,2565.1072842,{C1FB6D7A-AD91-4D94-93A5-7B6E6ED2AA01},,2582.64030473994,2136.86924984182
"75051",Muro Leccese,18.33934823,40.09998966,"1588","1457","1",Alta,Rocciosa, ,false,,"0",0,false,false,false,Si,Nessuna informazione,0,0,0,"0",false,Nessuna,Nessuna,Non verificato, ,"16075072",Tricase,1998/04/26 00:00:00, ,"1948",G. Montrone,1483.72351163,{2589BBDB-9788-495E-88F4-D38CD9A424A3},,1494.02787289353,10816.0630363436
"75052",Nardò,18.0311969,40.17594334,"24222","24460","2",Opere di difesa costiera-Radente a muro, , ,false,,"0",42.77497314,false,false,false,Si,Stabilità,0,0,0,"0",false,Nessuna,Nessuna,Non verificato, ,"16075052",Gallipoli,1998/04/26 00:00:00, ,"1947",G. Montrone,42.50134692,{2CFE0B0E-E31E-41C5-851F-82EE961902B9},,42.7747511930407,4481.24703468347
"75053",Neviano,18.1190494,40.10542544,"14220","14165","1",Bassa,Sabbiosa, ,false,,"0",0,false,false,false,Si,Stabilità,0,0,0,"0",false,Nessuna,Nessuna,Non verificato, ,"16075031",Gallipoli,1998/04/26 00:00:00, ,"1947",G. Montrone,1860.47459734,{9A1801B3-FDC5-4F81-AE42-E4F5362B467B},,1872.5078676516,8228.39864188968
"75054",Nociglia,18.33033533,40.03625463,"14217","14162","1",Bassa,Sabbiosa, ,false,,"0",0,false,false,false,Si,Stabilità,0,0,0,"0",false,Nessuna,Nessuna,Non verificato, ,"16075027",Tricase,1998/04/26 00:00:00, ,"1947",G. Montrone,34.00228167,{5C89B304-5C82-45B2-8299-B95B9FA1CF81},,34.2376380816528,7764.70135614349
"75055",Novoli,18.04877654,40.37587469,"13050","12951","1",Bassa,Sabbiosa, ,false,,"0",0,false,false,false,Si,Stabilità,0,0,0,"0",false,Nessuna,Nessuna,Non verificato, ,"16075035",S. Cataldo,1998/04/27 00:00:00, ,"1948",G. Montrone,1853.97851129,{F3F0FAA6-D97E-482D-8913-71D7C4ED1BCC},,1866.09480575509,13675.0157264194
"75056",Ortelle,18.39302399,40.03423711,"232","1465","1",Alta,Rocciosa, ,false,,"0",0,false,false,false,Si,Nessuna informazione,0,0,0,"0",false,Nessuna,Nessuna,Non verificato, ,"16075096",Tricase,1998/04/26 00:00:00, ,"1948",G. Montrone,4217.48773757,{E1F335D8-B360-44F5-AD68-FA05A2120BC7},,4246.75411997712,2794.89993429615
"75058",Palmariggi,18.38130645,40.13162763,"9116","8936","1",Bassa,Sabbiosa, ,false,,"0",0,false,false,false,Si,Erosione,266.4,5013.65,23.82,"32",false,Nessuna,Nessuna,Non verificato, ,"16075057",S. Cataldo,1998/04/26 00:00:00, ,"1948",G. Montrone,106.70479528,{2994AB44-A98B-4590-9B42-554851FC13BD},,107.448495260442,8288.20623079624
"75059",Parabita,18.12660455,40.04540729,"33660","33559","3",Sponde del fiume, , ,false,,"0",0,false,false,false,No,Nessuna informazione,0,0,0,"0",false,Nessuna,Nessuna,Non verificato, ,"16075031",S. Giovanni,1998/04/26 00:00:00, ,"1947",G. Poggi,121.77291618,{692B376F-67E6-41BB-A185-7569D233B7D5},,122.56341905425,8369.99740004379
"75060",Patù,18.33873558,39.83964829,"5472","5348","1",Bassa,Rocciosa, ,false,,"0",0,false,false,false,Si,Nessuna informazione,0,0,0,"0",false,Nessuna,Nessuna,Non verificato, ,"16075060",Ugento,1998/04/26 00:00:00, ,"1948",G. Montrone,2565.1072842,{C1FB6D7A-AD91-4D94-93A5-7B6E6ED2AA01},,2582.64030473994,2650.60266815477
"75061",Poggiardo,18.37686486,40.05343131,"232","1465","1",Alta,Rocciosa, ,false,,"0",0,false,false,false,Si,Nessuna informazione,0,0,0,"0",false,Nessuna,Nessuna,Non verificato, ,"16075096",Tricase,1998/04/26 00:00:00, ,"1948",G. Montrone,4217.48773757,{E1F335D8-B360-44F5-AD68-FA05A2120BC7},,4246.75411997712,4992.88989835251
"75062",Presicce,18.26346868,39.90097666,"14288","14243","1",Bassa,Sabbiosa, ,false,,"0",0,false,false,false,Si,Stabilità,0,0,0,"0",false,Nessuna,Nessuna,Non verificato, ,"16075066",Ugento,1998/04/26 00:00:00, ,"1948",G. Montrone,1780.66182349,{10395C22-C0ED-44CC-ADF9-F086EBCCD8EB},,1792.73907978723,6248.36905224536
"75063",Racale,18.09060083,39.95745733,"3481","4058","1",Bassa,Rocciosa, ,false,,"0",0,false,false,false,Si,Nessuna informazione,0,0,0,"0",false,Nessuna,Nessuna,Non verificato, ,"16075004",Ugento,1998/04/26 00:00:00, ,"1947",G. Montrone,5616.56495616,{3B8DA8A1-EBE1-43DC-906D-41C154C5F28E},,5653.37992559583,3616.8319029837
"75064",Ruffano,18.24679773,39.98356548,"390","1435","1",Alta,Rocciosa, ,false,,"0",0,false,false,false,Si,Nessuna informazione,0,0,0,"0",false,Nessuna,Nessuna,Non verificato, ,"16075005",Tricase,1998/04/26 00:00:00, ,"1947",G. Montrone,1841.71719411,{28E13256-817C-4939-B638-340EE66A4C38},,1854.4597553036,12667.5779876668
"75065",Salice Salentino,17.96517392,40.3848274,"14312","14267","1",Bassa,Sabbiosa, ,false,,"0",0,false,false,false,Si,Stabilità,0,0,0,"0",false,Nessuna,Nessuna,Non verificato, ,"16075097",Porto Cesareo,1998/04/26 00:00:00, ,"1947",G. Montrone,2410.25695245,{3DC259AD-934F-4A1B-A4EB-66D859D94940},,2425.37424851372,13367.5356700988
"75066",Salve,18.29407773,39.86183396,"5461","5337","1",Bassa,Rocciosa, ,false,,"0",0,false,false,false,Si,Nessuna informazione,0,0,0,"0",false,Nessuna,Nessuna,Non verificato, ,"16075050",Ugento,1998/04/26 00:00:00, ,"1948",G. Montrone,999.86386504,{D34519DB-DDD7-4368-A0E5-7A96332A0326},,1006.66252432375,2693.90682248229
"75067",Sanarica,18.34937653,40.08763417,"1588","1457","1",Alta,Rocciosa, ,false,,"0",0,false,false,false,Si,Nessuna informazione,0,0,0,"0",false,Nessuna,Nessuna,Non verificato, ,"16075072",Tricase,1998/04/26 00:00:00, ,"1948",G. Montrone,1483.72351163,{2589BBDB-9788-495E-88F4-D38CD9A424A3},,1494.02787289353,9234.56645328118
"75068",San Cesario di Lecce,18.16030678,40.30186738,"14301","14256","1",Bassa,Sabbiosa, ,false,,"0",0,false,false,false,Si,Stabilità,0,0,0,"0",false,Nessuna,Nessuna,Non verificato, ,"16075093",S. Cataldo,1998/04/27 00:00:00, ,"1948",G. Montrone,246.34992029,{FF544C49-B1EE-4451-AD6F-D789937B6268},,248.007350231199,14424.1230980504
"75069",San Donato di Lecce,18.18352346,40.26813039,"14299","14254","1",Bassa,Sabbiosa, ,false,,"0",0,false,false,false,Si,Stabilità,0,0,0,"0",false,Nessuna,Nessuna,Non verificato, ,"16075093",S. Cataldo,1998/04/27 00:00:00, ,"1948",G. Montrone,744.6172089,{A4E06047-C361-4041-A807-DADF4340612A},,749.638012042643,15313.343996409
"75070",Sannicola,18.06406498,40.0938655,"14220","14165","1",Bassa,Sabbiosa, ,false,,"0",0,false,false,false,Si,Stabilità,0,0,0,"0",false,Nessuna,Nessuna,Non verificato, ,"16075031",Gallipoli,1998/04/26 00:00:00, ,"1947",G. Montrone,1860.47459734,{9A1801B3-FDC5-4F81-AE42-E4F5362B467B},,1872.5078676516,3472.8273694098
"75071",San Pietro in Lama,18.13186913,40.30916402,"10199","10080","1",Bassa,Sabbiosa, ,false,,"0",0,false,false,false,Si,Erosione,935.56,12688.87,18.56,"40",false,Nessuna,Nessuna,Non verificato, ,"16075035",S. Cataldo,1998/04/27 00:00:00, ,"1948",G. Montrone,650.92300053,{8EB0CA2E-4D03-4B3C-8122-C38C49D40ABB},,655.278730760284,15707.871106017
"75072",Santa Cesarea Terme,18.46336483,40.03785658,"2938","2906","1",Alta,Rocciosa, ,false,,"0",0,false,false,false,Si,Nessuna informazione,0,0,0,"0",false,Nessuna,Nessuna,Ottima, ,"16075072",Tricase,1998/04/26 00:00:00, ,"1948",G. Montrone,5205.7414561,{991E8F5D-9C06-494E-8A85-46E78837744E},,5242.03681002514,0
"75073",Scorrano,18.29836405,40.09007771,"232","1465","1",Alta,Rocciosa, ,false,,"0",0,false,false,false,Si,Nessuna informazione,0,0,0,"0",false,Nessuna,Nessuna,Non verificato, ,"16075096",Tricase,1998/04/26 00:00:00, ,"1948",G. Montrone,4217.48773757,{E1F335D8-B360-44F5-AD68-FA05A2120BC7},,4246.75411997712,12885.5957683059
"75074",Seclì,18.1049571,40.13156773,"9127","8947","1",Bassa,Sabbiosa, ,false,,"0",0,false,false,false,Si,Erosione,459.16,9583.43,25.87,"52",false,Nessuna,Litologia,Non verificato, ,"16075031",Gallipoli,1998/04/26 00:00:00, ,"1947",G. Montrone,213.52533987,{B1FFE185-00F6-4224-96B2-4919C4635534},,214.905170749147,7534.62512585543
"75075",Sogliano Cavour,18.19941365,40.1462344,"7322","7097","1",Bassa,Sabbiosa, ,false,,"0",0,false,false,false,Si,Avanzamento,260.73,3874.97,19.86,"36",false,Nessuna,Nessuna,Non verificato, ,"16075031",Gallipoli,1998/04/26 00:00:00, ,"1947",G. Montrone,230.80954298,{63BDC026-16F8-4CE3-AF4C-157871B2BEE1},,232.301731000107,15777.5888735376
"75076",Soleto,18.20719445,40.18758093,"14221","14166","1",Bassa,Sabbiosa, ,false,,"0",0,false,false,false,Si,Stabilità,0,0,0,"0",false,Nessuna,Nessuna,Non verificato, ,"16075031",Gallipoli,1998/04/26 00:00:00, ,"1947",G. Montrone,228.80104742,{770D0EBB-257D-49D7-A334-1CA42529F256},,230.280136366171,18066.2416589355
"75077",Specchia,18.2960837,39.9388402,"5480","5356","1",Bassa,Rocciosa, ,false,,"0",0,false,false,false,Si,Nessuna informazione,0,0,0,"0",false,Nessuna,Nessuna,Non verificato, ,"16075088",Tricase,1998/04/26 00:00:00, ,"1947",G. Montrone,417.94122254,{B3A7CE54-0DF6-422D-9726-DA2D50FD36C5},,420.831436912005,7540.78368571947
"75078",Spongano,18.36378986,40.01313351,"14217","14162","1",Bassa,Sabbiosa, ,false,,"0",0,false,false,false,Si,Stabilità,0,0,0,"0",false,Nessuna,Nessuna,Non verificato, ,"16075027",Tricase,1998/04/26 00:00:00, ,"1947",G. Montrone,34.00228167,{5C89B304-5C82-45B2-8299-B95B9FA1CF81},,34.2376380816528,3955.06062419348
"75079",Squinzano,18.04581742,40.43444312,"5438","5314","1",Bassa,Rocciosa, ,false,,"0",0,false,false,false,Si,Nessuna informazione,0,0,0,"0",false,Nessuna,Nessuna,Non verificato, ,"16075035",S. Cataldo,1998/04/27 00:00:00, ,"1948",G. Montrone,593.126478,{3E2E63A7-F88C-4DC5-9922-065C41AA9170},,596.988279915972,8524.05800069205
"75080",Sternatia,18.22384546,40.22165452,"13057","12958","1",Bassa,Sabbiosa, ,false,,"0",0,false,false,false,Si,Stabilità,0,0,0,"0",false,Nessuna,Nessuna,Non verificato, ,"16075043",S. Cataldo,1998/05/21 00:00:00, ,"1948",G. Montrone,208.15307205,{F8E7A298-CA26-4AF2-ADC5-90478AC3633B},,209.573183664518,16321.4563728036
"75081",Supersano,18.2389304,40.02005803,"394","1439","1",Alta,Rocciosa, ,false,,"0",0,false,false,false,Si,Nessuna informazione,0,0,0,"0",false,Nessuna,Nessuna,Non verificato, ,"16075027",Tricase,1998/04/26 00:00:00, ,"1947",G. Montrone,2365.87695951,{D2A7CE60-1A79-4525-ABCC-191101835354},,2382.25400822939,14317.7479435319
"75082",Surano,18.34162096,40.02834008,"14217","14162","1",Bassa,Sabbiosa, ,false,,"0",0,false,false,false,Si,Stabilità,0,0,0,"0",false,Nessuna,Nessuna,Non verificato, ,"16075027",Tricase,1998/04/26 00:00:00, ,"1947",G. Montrone,34.00228167,{5C89B304-5C82-45B2-8299-B95B9FA1CF81},,34.2376380816528,6464.79741862131
"75083",Surbo,18.13158796,40.3975535,"33664","33563","3",Sponde del fiume, , ,false,,"0",0,false,false,false,No,Nessuna informazione,0,0,0,"0",false,Nessuna,Nessuna,Non verificato, ,"16075035",S. Cataldo,1998/04/27 00:00:00, ,"1948",G. Montrone,211.7142383,{D6A7F38E-6E74-4453-9EF4-34DEF1259F16},,213.108250517732,8218.28387174107
"75084",Taurisano,18.21437844,39.95561521,"16573","16449","1",Bassa,Sabbiosa, ,false,,"0",0,false,false,false,Si,Stabilità,0,0,0,"0",false,Nessuna,Nessuna,Ottima, ,"16075090",Ugento,1998/04/26 00:00:00, ,"1948",G. Montrone,222.39894911,{031D861A-F941-48E6-8492-C5C1EFD82F78},,223.87253911567,10282.5842016591
"75085",Taviano,18.08849335,39.98298824,"24223","24461","2",Opere di difesa costiera-Radente a muro, , ,false,,"0",16.46918122,false,false,false,Si,Stabilità,0,0,0,"0",false,Nessuna,Nessuna,Non verificato, ,"16075063",Ugento,1998/04/26 00:00:00, ,"1947",G. Montrone,16.36234392,{219DA3FF-BB91-49A0-AE4D-9FA2BCE63C38},,16.4688919604198,4807.22470370061
"75086",Tiggiano,18.36723225,39.90279044,"226","1459","1",Alta,Rocciosa, ,false,,"0",0,false,false,false,Si,Nessuna informazione,0,0,0,"0",false,Nessuna,Nessuna,Non verificato, ,"16075088",Tricase,1998/04/26 00:00:00, ,"1947",G. Montrone,1062.42062018,{574AEEF7-2C81-45B7-998F-9E77535097C0},,1069.76771133264,1014.92802040909
"75087",Trepuzzi,18.07369438,40.40515874,"13050","12951","1",Bassa,Sabbiosa, ,false,,"0",0,false,false,false,Si,Stabilità,0,0,0,"0",false,Nessuna,Nessuna,Non verificato, ,"16075035",S. Cataldo,1998/04/27 00:00:00, ,"1948",G. Montrone,1853.97851129,{F3F0FAA6-D97E-482D-8913-71D7C4ED1BCC},,1866.09480575509,9772.38901948312
"75088",Tricase,18.35076185,39.93495217,"7081","6856","1",Bassa,Rocciosa, ,false,,"0",0,false,false,false,Si,Nessuna informazione,0,0,0,"0",false,Nessuna,Nessuna,Non verificato,Digitalizzazione dall'ortofoto 2005,"16075088",Tricase,1998/04/26 00:00:00, ,"1947",G. Montrone,1355.87466087,{B66F46DA-1406-4B35-81E3-1B2C033AC7E4},,1365.25250789847,2845.3446614509
"75089",Tuglie,18.10298903,40.0701834,"12000","11815","1",Bassa,Sabbiosa, ,false,,"0",0,false,false,false,Si,Stabilità,0,0,0,"0",false,Nessuna,Nessuna,Mediocre, ,"16075031",Gallipoli,1998/04/26 00:00:00, ,"1947",G. Montrone,127.0839683,{ADD27E91-4B79-4105-86C0-7B896FFCA9D6},,127.906117904316,7017.96218516563
"75090",Ugento,18.16167767,39.92856835,"16573","16449","1",Bassa,Sabbiosa, ,false,,"0",0,false,false,false,Si,Stabilità,0,0,0,"0",false,Nessuna,Nessuna,Ottima, ,"16075090",Ugento,1998/04/26 00:00:00, ,"1948",G. Montrone,222.39894911,{031D861A-F941-48E6-8492-C5C1EFD82F78},,223.87253911567,4989.9033741332
"75091",Uggiano la Chiesa,18.45398921,40.09952043,"1587","1456","1",Alta,Rocciosa, ,false,,"0",0,false,false,false,Si,Nessuna informazione,0,0,0,"0",false,Nessuna,Nessuna,Non verificato, ,"16075057",Tricase,1998/04/26 00:00:00, ,"1948",G. Montrone,4391.77675249,{945E9EE8-1769-4A84-9DF0-851CF2061E71},,4422.47304937312,2201.20065414452
"75092",Veglie,17.9657407,40.3350564,"34863","34806","3",Sponde del fiume, , ,false,,"0",0,false,false,false,No,Nessuna informazione,0,0,0,"0",false,Nessuna,Nessuna,Non verificato, ,"16075097",Porto Cesareo,1998/04/26 00:00:00, ,"1947",G. Montrone,222.02853322,{5C95675D-0D57-48BD-8487-B74A8C691C90},,223.426412810643,9081.47350769267
"75093",Vernole,18.29874011,40.28846006,"14266","14221","1",Bassa,Sabbiosa, ,false,,"0",0,false,false,false,Si,Stabilità,0,0,0,"0",false,Nessuna,Nessuna,Non verificato, ,"16075043",S. Cataldo,1998/05/21 00:00:00, ,"1948",G. Montrone,48.06204488,{4906B6EA-E049-494F-B29F-13A34D9F5A26},,48.389565422046,6783.44484742044
"75094",Zollino,18.25138495,40.20522776,"13055","12956","1",Bassa,Sabbiosa, ,false,,"0",0,false,false,false,Si,Stabilità,0,0,0,"0",false,Nessuna,Nessuna,Non verificato, ,"16075043",S. Cataldo,1998/05/21 00:00:00, ,"1948",G. Montrone,112.32950525,{DF0C1F8B-EA45-4E70-AE94-ED04D9E6FFA9},,113.096278896944,15801.1410573032
"75095",San Cassiano,18.32997694,40.05392496,"232","1465","1",Alta,Rocciosa, ,false,,"0",0,false,false,false,Si,Nessuna informazione,0,0,0,"0",false,Nessuna,Nessuna,Non verificato, ,"16075096",Tricase,1998/04/26 00:00:00, ,"1948",G. Montrone,4217.48773757,{E1F335D8-B360-44F5-AD68-FA05A2120BC7},,4246.75411997712,8639.19457970041
"75096",Castro,18.42476926,40.00789743,"231","1464","1",Alta,Rocciosa, ,false,,"0",0,false,false,false,Si,Nessuna informazione,0,0,0,"0",false,Nessuna,Nessuna,Non verificato, ,"16075096",Tricase,1998/04/26 00:00:00, ,"1948",G. Montrone,651.42570333,{27FBE5EB-CB43-46F1-A3E7-C45445F53D06},,655.941740826957,0
"75097",Porto Cesareo,17.89965588,40.26034869,"3523","4650","1",Bassa,Rocciosa, ,false,,"0",0,false,false,false,Si,Nessuna informazione,0,0,0,"0",false,Nessuna,Litologia,Ottima, ,"16075097",Porto Cesareo,1998/04/26 00:00:00, ,"1947",G. Montrone,358.53495073,{A07FA574-D36A-44B3-8833-022DEC900263},,360.803105585882,0
"110001",Andria,16.29520624,41.22705031,"34841","34784","3",Sponde del fiume, , ,false,,"0",0,false,false,false,No,Nessuna informazione,0,0,0,"0",false,Nessuna,Nessuna,Non verificato, ,"16072007",Manfredonia,1998/04/21 00:00:00, ,"1957",G. Montrone,239.99922603,{E16C3EA0-FCDD-4C41-A83A-9046B43B26E8},,241.081674797465,8838.47107105206
"110002",Barletta,16.27717589,41.31955658,"9056","8876","1",Bassa,Sabbiosa, ,false,,"0",0,false,false,false,Si,Avanzamento,4314.83,175105.22,45.58,"80",false,Nessuna,Nessuna,Non verificato, ,"16072007",Manfredonia,1998/04/21 00:00:00, ,"1957",G. Montrone,1246.18312604,{2F73290D-67CD-453C-9811-E870E1E5C374},,1251.70565983509,0
"110003",Bisceglie,16.5026137,41.24246439,"3873","3928","1",Bassa,Ciottolosa, ,false,,"0",0,false,false,false,Si,Stabilità,0,0,0,"0",false,Nessuna,Nessuna,Non verificato, ,"16072009",Manfredonia,1998/04/21 00:00:00, ,"1949",G. Montrone,177.30386317,{6A1089D1-B485-40C5-9FE7-69A24F4DC5DE},,178.135137662873,0
"110004",Canosa di Puglia,16.06264363,41.22539198,"33741","33789","3",Collegamento sponde del fiume, , ,false,,"0",0,false,false,false,No,Nessuna informazione,0,0,0,"0",false,Nessuna,Nessuna,Non verificato, ,"16071030",Manfredonia,1999/05/15 00:00:00, ,"1957",G. Montrone,65.32956992,{8118E235-4335-4055-9FFA-E7BC8AF4927A},,65.6130977420276,17347.7472062447
"110005",Margherita di Savoia,16.14888919,41.37261604,"9087","8907","1",Bassa,Sabbiosa, ,false,,"0",0,false,false,false,Si,Avanzamento,4909.37,344199.99,75.11,"156",false,Nessuna,Nessuna,Non verificato, ,"16071030",Manfredonia,1999/05/15 00:00:00, ,"1957",G. Montrone,4790.00028713,{C4145268-81A1-4BC7-A91E-47FEF417CA13},,4810.60362470381,0
"110006",Minervino Murge,16.07966576,41.08918939,"33827","33803","3",Collegamento sponde del fiume, , ,false,,"0",0,false,false,false,No,Nessuna informazione,0,0,0,"0",false,Nessuna,Nessuna,Non verificato, ,"16072007",Manfredonia,1998/04/21 00:00:00, ,"1957",G. Poggi,16.99005365,{E88EF6E1-8DD6-4E39-B276-2EAE66C67920},,17.0652743456307,29785.3684868897
"110007",San Ferdinando di Puglia,16.06883848,41.30079475,"19861","19787","2",Opere Portuali, , ,false,,"0",0,false,false,false,No,Nessuna informazione,0,0,0,"0",false,Nessuna,Nessuna,Ottima, ,"16071030",Manfredonia,1999/05/15 00:00:00, ,"1957",G. Montrone,3736.2883179,{8244072F-9ADD-4018-9A98-32C0CA6C035A},,3752.25529461248,9480.1676736485
"110008",Spinazzola,16.08926535,40.96943551,"34845","34788","3",Sponde del fiume, , ,false,,"0",0,false,false,false,No,Nessuna informazione,0,0,0,"0",false,Nessuna,Nessuna,Non verificato, ,"16072007",Manfredonia,1998/04/21 00:00:00, ,"1957",G. Poggi,108.39503542,{7FC9BFB0-3205-48D8-ABAB-307D3BDA4768},,108.874470416904,41474.5672449487
"110009",Trani,16.41721938,41.27408726,"944","815","1",Bassa,Rocciosa, ,false,,"0",0,false,false,false,Si,Nessuna informazione,0,0,0,"0",false,Nessuna,Nessuna,Non verificato, ,"16072045",Manfredonia,1998/04/21 00:00:00, ,"1957",G. Montrone,970.85031883,{1FE9E97D-3333-4A3E-B5F2-9EF404CB2C45},,975.315471858123,0
"110010",Trinitapoli,16.08554811,41.35956887,"10483","10402","1",Bassa,Sabbiosa, ,false,,"0",0,false,false,false,Si,Erosione,1633,72367.37,49.32,"76",false,Nessuna,Nessuna,Non verificato, ,"16071030",Manfredonia,1999/05/15 00:00:00, ,"1957",G. Montrone,203.26754997,{E7812BFE-7E41-47E2-9853-6719917C198E},,204.130693944393,3431.47213786808
